Time(s)	PK(30,79)
 0.0000000e+00	 1.6000000e+05
 1.0005618e+00	 1.6223025e+05
 2.0000894e+00	 1.6796412e+05
 3.0001235e+00	 1.7416230e+05
 4.0000744e+00	 1.8312052e+05
 5.0000405e+00	 1.8708362e+05
 6.0000234e+00	 1.8898512e+05
 7.0002379e+00	 1.8989083e+05
 8.0000887e+00	 1.9125289e+05
 9.0000124e+00	 1.9197317e+05
 1.0000108e+01	 1.9206678e+05
 1.1000061e+01	 1.9217089e+05
 1.2000055e+01	 1.9265800e+05
 1.3000238e+01	 1.9298077e+05
 1.4000112e+01	 1.9318783e+05
 1.5000147e+01	 1.9344664e+05
 1.6000036e+01	 1.9367427e+05
 1.7000031e+01	 1.9395198e+05
 1.8000051e+01	 1.9416020e+05
 1.9000219e+01	 1.9435747e+05
 2.0000223e+01	 1.9453292e+05
 2.1000031e+01	 1.9468825e+05
 2.2000093e+01	 1.9482106e+05
 2.3000038e+01	 1.9497745e+05
 2.4000010e+01	 1.9515845e+05
 2.5000067e+01	 1.9522944e+05
 2.6000111e+01	 1.9529906e+05
 2.7000292e+01	 1.9542459e+05
 2.8000111e+01	 1.9554444e+05
 2.9000072e+01	 1.9567570e+05
 3.0000034e+01	 1.9576641e+05
 3.1000008e+01	 1.9593136e+05
 3.2000217e+01	 1.9597866e+05
 3.3000145e+01	 1.9606895e+05
 3.4000019e+01	 1.9617447e+05
 3.5000225e+01	 1.9629286e+05
 3.6000263e+01	 1.9636622e+05
 3.7000000e+01	 1.9640636e+05
 3.8000050e+01	 1.9650489e+05
 3.9000404e+01	 1.9660069e+05
 4.0000118e+01	 1.9673811e+05
 4.1000126e+01	 1.9685300e+05
 4.2000221e+01	 1.9696306e+05
 4.3000244e+01	 1.9702241e+05
 4.4000210e+01	 1.9706108e+05
 4.5000088e+01	 1.9713233e+05
 4.6000092e+01	 1.9718225e+05
 4.7000141e+01	 1.9727677e+05
 4.8000240e+01	 1.9736711e+05
 4.9000008e+01	 1.9742989e+05
 5.0000221e+01	 1.9749172e+05
 5.1000072e+01	 1.9754942e+05
 5.2000053e+01	 1.9764208e+05
 5.3000069e+01	 1.9772120e+05
 5.4000187e+01	 1.9782666e+05
 5.5000172e+01	 1.9788228e+05
 5.6000126e+01	 1.9794100e+05
 5.7000072e+01	 1.9799136e+05
 5.8000153e+01	 1.9805478e+05
 5.9000050e+01	 1.9814491e+05
 6.0000069e+01	 1.9819584e+05
 6.1000160e+01	 1.9826850e+05
 6.2000050e+01	 1.9832748e+05
 6.3000099e+01	 1.9836944e+05
 6.4000069e+01	 1.9845191e+05
 6.5000206e+01	 1.9849912e+05
 6.6000069e+01	 1.9857614e+05
 6.7000069e+01	 1.9863638e+05
 6.8000008e+01	 1.9869061e+05
 6.9000237e+01	 1.9875319e+05
 7.0000122e+01	 1.9879709e+05
 7.1000031e+01	 1.9888102e+05
 7.2000282e+01	 1.9893858e+05
 7.3000183e+01	 1.9900322e+05
 7.4000183e+01	 1.9905952e+05
 7.5000305e+01	 1.9910130e+05
 7.6000069e+01	 1.9915667e+05
 7.7000076e+01	 1.9920086e+05
 7.8000130e+01	 1.9926877e+05
 7.9000114e+01	 1.9932458e+05
 8.0000267e+01	 1.9937291e+05
 8.1000061e+01	 1.9941433e+05
 8.2000206e+01	 1.9944833e+05
 8.3000099e+01	 1.9951814e+05
 8.4000252e+01	 1.9956473e+05
 8.5000237e+01	 1.9962611e+05
 8.6000008e+01	 1.9966491e+05
 8.7000046e+01	 1.9970269e+05
 8.8000107e+01	 1.9975019e+05
 8.9000130e+01	 1.9979412e+05
 9.0000092e+01	 1.9986264e+05
 9.1000298e+01	 1.9990042e+05
 9.2000191e+01	 1.9996605e+05
 9.3000099e+01	 2.0001981e+05
 9.4000137e+01	 2.0004759e+05
 9.5000000e+01	 2.0010897e+05
 9.6000092e+01	 2.0014277e+05
 9.7000175e+01	 2.0019216e+05
 9.8000183e+01	 2.0022388e+05
 9.9000107e+01	 2.0025486e+05
 1.0000025e+02	 2.0029031e+05
 1.0100002e+02	 2.0031625e+05
 1.0200014e+02	 2.0035319e+05
 1.0300003e+02	 2.0038131e+05
 1.0400006e+02	 2.0041264e+05
 1.0500019e+02	 2.0043247e+05
 1.0600016e+02	 2.0045556e+05
 1.0700005e+02	 2.0048673e+05
 1.0800005e+02	 2.0051003e+05
 1.0900005e+02	 2.0054005e+05
 1.1000010e+02	 2.0056580e+05
 1.1100005e+02	 2.0059125e+05
 1.1200005e+02	 2.0061108e+05
 1.1300011e+02	 2.0062658e+05
 1.1400004e+02	 2.0065933e+05
 1.1500005e+02	 2.0068208e+05
 1.1600015e+02	 2.0071439e+05
 1.1700007e+02	 2.0073372e+05
 1.1800004e+02	 2.0075722e+05
 1.1900003e+02	 2.0077812e+05
 1.2000007e+02	 2.0079589e+05
 1.2100005e+02	 2.0082569e+05
 1.2200008e+02	 2.0084550e+05
 1.2300022e+02	 2.0087661e+05
 1.2400007e+02	 2.0089119e+05
 1.2500008e+02	 2.0091491e+05
 1.2600005e+02	 2.0094789e+05
 1.2700005e+02	 2.0096066e+05
 1.2800008e+02	 2.0099161e+05
 1.2900026e+02	 2.0101086e+05
 1.3000006e+02	 2.0103355e+05
 1.3100023e+02	 2.0105512e+05
 1.3200002e+02	 2.0108223e+05
 1.3300009e+02	 2.0111095e+05
 1.3400003e+02	 2.0112947e+05
 1.3500020e+02	 2.0115494e+05
 1.3600014e+02	 2.0116825e+05
 1.3700008e+02	 2.0118733e+05
 1.3800002e+02	 2.0121361e+05
 1.3900027e+02	 2.0100700e+05
 1.4000012e+02	 2.0086366e+05
 1.4100006e+02	 2.0078091e+05
 1.4200020e+02	 2.0072392e+05
 1.4300023e+02	 2.0068347e+05
 1.4400017e+02	 2.0065531e+05
 1.4500008e+02	 2.0063361e+05
 1.4600002e+02	 2.0061680e+05
 1.4700005e+02	 2.0060786e+05
 1.4800018e+02	 2.0059642e+05
 1.4900020e+02	 2.0059312e+05
 1.5000011e+02	 2.0058894e+05
 1.5100027e+02	 2.0059345e+05
 1.5200009e+02	 2.0059953e+05
 1.5300018e+02	 2.0060238e+05
 1.5400015e+02	 2.0061420e+05
 1.5500002e+02	 2.0022719e+05
 1.5600008e+02	 1.9991875e+05
 1.5700009e+02	 1.9967991e+05
 1.5800018e+02	 1.9951694e+05
 1.5900018e+02	 1.9939600e+05
 1.6000003e+02	 1.9930933e+05
 1.6100005e+02	 1.9924997e+05
 1.6200008e+02	 1.9920167e+05
 1.6300006e+02	 1.9917606e+05
 1.6400012e+02	 1.9903898e+05
 1.6410002e+02	 5.8990231e+05
 1.6420000e+02	 6.5798700e+05
 1.6430002e+02	 5.8944256e+05
 1.6440001e+02	 6.6441044e+05
 1.6450003e+02	 6.1078238e+05
 1.6460002e+02	 5.7379288e+05
 1.6470001e+02	 6.1019044e+05
 1.6480003e+02	 5.9464544e+05
 1.6490002e+02	 5.7310244e+05
 1.6500003e+02	 5.8137350e+05
 1.6510007e+02	 5.8867081e+05
 1.6520001e+02	 5.8660712e+05
 1.6530002e+02	 5.9132750e+05
 1.6540002e+02	 5.9197550e+05
 1.6550002e+02	 5.9458956e+05
 1.6560004e+02	 5.8869188e+05
 1.6570004e+02	 5.8040031e+05
 1.6580003e+02	 5.8698231e+05
 1.6590004e+02	 5.8736069e+05
 1.6600005e+02	 5.8240056e+05
 1.6610001e+02	 5.8333438e+05
 1.6620007e+02	 5.8140931e+05
 1.6630000e+02	 5.7997269e+05
 1.6640010e+02	 5.7880794e+05
 1.6650000e+02	 5.7870225e+05
 1.6660007e+02	 5.7662038e+05
 1.6670003e+02	 5.7572431e+05
 1.6680000e+02	 5.7583356e+05
 1.6690005e+02	 5.7704994e+05
 1.6700006e+02	 5.7758012e+05
 1.6710001e+02	 5.7702944e+05
 1.6720006e+02	 5.7705269e+05
 1.6730003e+02	 5.7750700e+05
 1.6740001e+02	 5.7806744e+05
 1.6750000e+02	 5.7923312e+05
 1.6760002e+02	 5.8019794e+05
 1.6770000e+02	 5.8156725e+05
 1.6780000e+02	 5.8167619e+05
 1.6790001e+02	 5.8224062e+05
 1.6800005e+02	 5.8397275e+05
 1.6810002e+02	 5.8523800e+05
 1.6820003e+02	 5.8552325e+05
 1.6830003e+02	 5.8697219e+05
 1.6840002e+02	 5.8869262e+05
 1.6850000e+02	 5.9062994e+05
 1.6860008e+02	 5.9166262e+05
 1.6870001e+02	 5.9255638e+05
 1.6880006e+02	 5.9324225e+05
 1.6890001e+02	 5.9373712e+05
 1.6900002e+02	 5.9426650e+05
 1.6910005e+02	 5.9478775e+05
 1.6920010e+02	 5.9502956e+05
 1.6930003e+02	 5.9516175e+05
 1.6940005e+02	 5.9529506e+05
 1.6950003e+02	 5.9585962e+05
 1.6960005e+02	 5.9700412e+05
 1.6970004e+02	 5.9781781e+05
 1.6980008e+02	 5.9786150e+05
 1.6990001e+02	 5.9737969e+05
 1.7000003e+02	 5.5578100e+05
