Time(s)	PK(3,40)
 0.0000000e+00	 2.0000000e+03
 1.0005618e+00	 1.6907996e+07
 2.0000894e+00	 1.8064516e+07
 3.0001235e+00	 1.8362908e+07
 4.0000744e+00	 1.8505516e+07
 5.0000405e+00	 1.8691642e+07
 6.0000234e+00	 1.8740028e+07
 7.0002379e+00	 1.8891078e+07
 8.0000887e+00	 1.8922966e+07
 9.0000124e+00	 1.8976816e+07
 1.0000108e+01	 1.9021820e+07
 1.1000061e+01	 1.9043884e+07
 1.2000055e+01	 1.9078700e+07
 1.3000238e+01	 1.9108428e+07
 1.4000112e+01	 1.9130132e+07
 1.5000147e+01	 1.9143262e+07
 1.6000036e+01	 1.9158084e+07
 1.7000031e+01	 1.9167320e+07
 1.8000051e+01	 1.9174214e+07
 1.9000219e+01	 1.9178374e+07
 2.0000223e+01	 1.9183094e+07
 2.1000031e+01	 1.9186996e+07
 2.2000093e+01	 1.9190170e+07
 2.3000038e+01	 1.9191788e+07
 2.4000010e+01	 1.9192120e+07
 2.5000067e+01	 1.9191946e+07
 2.6000111e+01	 1.9191696e+07
 2.7000292e+01	 1.9191496e+07
 2.8000111e+01	 1.9191408e+07
 2.9000072e+01	 1.9191320e+07
 3.0000034e+01	 1.9191126e+07
 3.1000008e+01	 1.9190974e+07
 3.2000217e+01	 1.9190688e+07
 3.3000145e+01	 1.9190418e+07
 3.4000019e+01	 1.9190212e+07
 3.5000225e+01	 1.9190076e+07
 3.6000263e+01	 1.9189972e+07
 3.7000000e+01	 1.9189846e+07
 3.8000050e+01	 1.9189672e+07
 3.9000404e+01	 1.9189484e+07
 4.0000118e+01	 1.9189316e+07
 4.1000126e+01	 1.9189164e+07
 4.2000221e+01	 1.9189030e+07
 4.3000244e+01	 1.9188908e+07
 4.4000210e+01	 1.9188786e+07
 4.5000088e+01	 1.9188672e+07
 4.6000092e+01	 1.9188560e+07
 4.7000141e+01	 1.9188452e+07
 4.8000240e+01	 1.9188348e+07
 4.9000008e+01	 1.9188250e+07
 5.0000221e+01	 1.9188158e+07
 5.1000072e+01	 1.9188072e+07
 5.2000053e+01	 1.9187992e+07
 5.3000069e+01	 1.9187916e+07
 5.4000187e+01	 1.9187846e+07
 5.5000172e+01	 1.9187780e+07
 5.6000126e+01	 1.9187720e+07
 5.7000072e+01	 1.9187662e+07
 5.8000153e+01	 1.9187606e+07
 5.9000050e+01	 1.9187554e+07
 6.0000069e+01	 1.9187500e+07
 6.1000160e+01	 1.9187456e+07
 6.2000050e+01	 1.9187410e+07
 6.3000099e+01	 1.9187364e+07
 6.4000069e+01	 1.9187322e+07
 6.5000206e+01	 1.9187278e+07
 6.6000069e+01	 1.9187234e+07
 6.7000069e+01	 1.9187232e+07
 6.8000008e+01	 1.9187186e+07
 6.9000237e+01	 1.9187138e+07
 7.0000122e+01	 1.9187088e+07
 7.1000031e+01	 1.9187038e+07
 7.2000282e+01	 1.9187032e+07
 7.3000183e+01	 1.9186986e+07
 7.4000183e+01	 1.9186980e+07
 7.5000305e+01	 1.9186966e+07
 7.6000069e+01	 1.9186924e+07
 7.7000076e+01	 1.9186882e+07
 7.8000130e+01	 1.9186880e+07
 7.9000114e+01	 1.9186838e+07
 8.0000267e+01	 1.9186796e+07
 8.1000061e+01	 1.9186796e+07
 8.2000206e+01	 1.9186754e+07
 8.3000099e+01	 1.9186710e+07
 8.4000252e+01	 1.9186706e+07
 8.5000237e+01	 1.9186662e+07
 8.6000008e+01	 1.9186616e+07
 8.7000046e+01	 1.9186612e+07
 8.8000107e+01	 1.9186566e+07
 8.9000130e+01	 1.9186568e+07
 9.0000092e+01	 1.9186592e+07
 9.1000298e+01	 1.9186538e+07
 9.2000191e+01	 1.9186484e+07
 9.3000099e+01	 1.9186472e+07
 9.4000137e+01	 1.9186420e+07
 9.5000000e+01	 1.9186380e+07
 9.6000092e+01	 1.9186374e+07
 9.7000175e+01	 1.9186328e+07
 9.8000183e+01	 1.9186284e+07
 9.9000107e+01	 1.9186242e+07
 1.0000025e+02	 1.9186244e+07
 1.0100002e+02	 1.9186204e+07
 1.0200014e+02	 1.9186170e+07
 1.0300003e+02	 1.9186136e+07
 1.0400006e+02	 1.9186184e+07
 1.0500019e+02	 1.9186150e+07
 1.0600016e+02	 1.9186120e+07
 1.0700005e+02	 1.9186270e+07
 1.0800005e+02	 1.9186232e+07
 1.0900005e+02	 1.9186196e+07
 1.1000010e+02	 1.9186164e+07
 1.1100005e+02	 1.9186178e+07
 1.1200005e+02	 1.9186146e+07
 1.1300011e+02	 1.9186118e+07
 1.1400004e+02	 1.9186102e+07
 1.1500005e+02	 1.9186110e+07
 1.1600015e+02	 1.9186086e+07
 1.1700007e+02	 1.9186062e+07
 1.1800004e+02	 1.9186076e+07
 1.1900003e+02	 1.9186096e+07
 1.2000007e+02	 1.9186154e+07
 1.2100005e+02	 1.9186124e+07
 1.2200008e+02	 1.9186094e+07
 1.2300022e+02	 1.9186066e+07
 1.2400007e+02	 1.9186086e+07
 1.2500008e+02	 1.9186114e+07
 1.2600005e+02	 1.9186086e+07
 1.2700005e+02	 1.9186062e+07
 1.2800008e+02	 1.9186038e+07
 1.2900026e+02	 1.9186130e+07
 1.3000006e+02	 1.9186096e+07
 1.3100023e+02	 1.9186064e+07
 1.3200002e+02	 1.9186032e+07
 1.3300009e+02	 1.9186022e+07
 1.3400003e+02	 1.9186024e+07
 1.3500020e+02	 1.9186022e+07
 1.3600014e+02	 1.9186066e+07
 1.3700008e+02	 1.9186022e+07
 1.3800002e+02	 1.9185978e+07
 1.3900027e+02	 1.9185972e+07
 1.4000012e+02	 1.9185924e+07
 1.4100006e+02	 1.9185948e+07
 1.4200020e+02	 1.9185888e+07
 1.4300023e+02	 1.9185834e+07
 1.4400017e+02	 1.9185870e+07
 1.4500008e+02	 1.9185808e+07
 1.4600002e+02	 1.9185744e+07
 1.4700005e+02	 1.9185760e+07
 1.4800018e+02	 1.9185814e+07
 1.4900020e+02	 1.9185964e+07
 1.5000011e+02	 1.9186026e+07
 1.5100027e+02	 1.9186054e+07
 1.5200009e+02	 1.9186136e+07
 1.5300018e+02	 1.9186116e+07
 1.5400015e+02	 1.9186122e+07
 1.5500002e+02	 1.9186058e+07
 1.5600008e+02	 1.9186080e+07
 1.5700009e+02	 1.9186014e+07
 1.5800018e+02	 1.9186050e+07
 1.5900018e+02	 1.9185918e+07
 1.6000003e+02	 1.9185962e+07
 1.6100005e+02	 1.9185864e+07
 1.6200008e+02	 1.9185768e+07
 1.6300006e+02	 1.9185726e+07
 1.6400012e+02	 1.9185642e+07
 1.6410002e+02	 4.2551585e+06
 1.6420000e+02	 2.3149685e+06
 1.6430002e+02	 5.4684612e+05
 1.6440001e+02	 5.3436581e+05
 1.6450003e+02	 5.7077612e+05
 1.6460002e+02	 5.9756038e+05
 1.6470001e+02	 6.1616319e+05
 1.6480003e+02	 5.9874200e+05
 1.6490002e+02	 6.0571794e+05
 1.6500003e+02	 6.0220675e+05
 1.6510007e+02	 6.0049900e+05
 1.6520001e+02	 5.9197962e+05
 1.6530002e+02	 5.9534162e+05
 1.6540002e+02	 6.7708981e+05
 1.6550002e+02	 6.3776250e+05
 1.6560004e+02	 6.2962094e+05
 1.6570004e+02	 6.2966769e+05
 1.6580003e+02	 6.2283569e+05
 1.6590004e+02	 6.3412769e+05
 1.6600005e+02	 6.3339875e+05
 1.6610001e+02	 6.2972025e+05
 1.6620007e+02	 6.3113788e+05
 1.6630000e+02	 6.4098856e+05
 1.6640010e+02	 6.2424112e+05
 1.6650000e+02	 6.2075669e+05
 1.6660007e+02	 6.2694156e+05
 1.6670003e+02	 6.2914788e+05
 1.6680000e+02	 6.3734769e+05
 1.6690005e+02	 6.2699575e+05
 1.6700006e+02	 6.1650594e+05
 1.6710001e+02	 6.2452212e+05
 1.6720006e+02	 6.2711900e+05
 1.6730003e+02	 6.3119319e+05
 1.6740001e+02	 6.3493975e+05
 1.6750000e+02	 6.3815200e+05
 1.6760002e+02	 6.3454269e+05
 1.6770000e+02	 6.2196788e+05
 1.6780000e+02	 6.2583625e+05
 1.6790001e+02	 6.2682144e+05
 1.6800005e+02	 6.3090925e+05
 1.6810002e+02	 6.3432500e+05
 1.6820003e+02	 6.3849906e+05
 1.6830003e+02	 6.3979100e+05
 1.6840002e+02	 6.4186944e+05
 1.6850000e+02	 6.3333788e+05
 1.6860008e+02	 6.4866706e+05
 1.6870001e+02	 6.4240356e+05
 1.6880006e+02	 6.4674238e+05
 1.6890001e+02	 6.4649825e+05
 1.6900002e+02	 6.4389206e+05
 1.6910005e+02	 6.4005756e+05
 1.6920010e+02	 6.3727869e+05
 1.6930003e+02	 6.3020238e+05
 1.6940005e+02	 5.9693656e+05
 1.6950003e+02	 5.7938381e+05
 1.6960005e+02	 5.4899225e+05
 1.6970004e+02	 5.2187709e+05
 1.6980008e+02	 4.8306694e+05
 1.6990001e+02	 4.4729050e+05
 1.7000003e+02	 4.2557881e+05
