Time(s)	PK(50,56)
 0.0000000e+00	 1.6000000e+05
 1.0005618e+00	 1.8695414e+05
 2.0000894e+00	 1.9272938e+05
 3.0001235e+00	 1.9888653e+05
 4.0000744e+00	 2.0772242e+05
 5.0000405e+00	 2.1182822e+05
 6.0000234e+00	 2.1372562e+05
 7.0002379e+00	 2.1465336e+05
 8.0000887e+00	 2.1589114e+05
 9.0000124e+00	 2.1670817e+05
 1.0000108e+01	 2.1682738e+05
 1.1000061e+01	 2.1695731e+05
 1.2000055e+01	 2.1736128e+05
 1.3000238e+01	 2.1766797e+05
 1.4000112e+01	 2.1782005e+05
 1.5000147e+01	 2.1822422e+05
 1.6000036e+01	 2.1845956e+05
 1.7000031e+01	 2.1873583e+05
 1.8000051e+01	 2.1893936e+05
 1.9000219e+01	 2.1896055e+05
 2.0000223e+01	 2.1924206e+05
 2.1000031e+01	 2.1946467e+05
 2.2000093e+01	 2.1958980e+05
 2.3000038e+01	 2.1975752e+05
 2.4000010e+01	 2.1986144e+05
 2.5000067e+01	 2.1991728e+05
 2.6000111e+01	 2.1987733e+05
 2.7000292e+01	 2.2017888e+05
 2.8000111e+01	 2.2031953e+05
 2.9000072e+01	 2.2043631e+05
 3.0000034e+01	 2.2048956e+05
 3.1000008e+01	 2.2053930e+05
 3.2000217e+01	 2.2069761e+05
 3.3000145e+01	 2.2082388e+05
 3.4000019e+01	 2.2094327e+05
 3.5000225e+01	 2.2105400e+05
 3.6000263e+01	 2.2108483e+05
 3.7000000e+01	 2.2108261e+05
 3.8000050e+01	 2.2108298e+05
 3.9000404e+01	 2.2137073e+05
 4.0000118e+01	 2.2151084e+05
 4.1000126e+01	 2.2164236e+05
 4.2000221e+01	 2.2171017e+05
 4.3000244e+01	 2.2162644e+05
 4.4000210e+01	 2.2176881e+05
 4.5000088e+01	 2.2189042e+05
 4.6000092e+01	 2.2195752e+05
 4.7000141e+01	 2.2205517e+05
 4.8000240e+01	 2.2207464e+05
 4.9000008e+01	 2.2219283e+05
 5.0000221e+01	 2.2210711e+05
 5.1000072e+01	 2.2224709e+05
 5.2000053e+01	 2.2245130e+05
 5.3000069e+01	 2.2249875e+05
 5.4000187e+01	 2.2259656e+05
 5.5000172e+01	 2.2259541e+05
 5.6000126e+01	 2.2260197e+05
 5.7000072e+01	 2.2258105e+05
 5.8000153e+01	 2.2281228e+05
 5.9000050e+01	 2.2292731e+05
 6.0000069e+01	 2.2298911e+05
 6.1000160e+01	 2.2301169e+05
 6.2000050e+01	 2.2294808e+05
 6.3000099e+01	 2.2308145e+05
 6.4000069e+01	 2.2312617e+05
 6.5000206e+01	 2.2327334e+05
 6.6000069e+01	 2.2334644e+05
 6.7000069e+01	 2.2334416e+05
 6.8000008e+01	 2.2340270e+05
 6.9000237e+01	 2.2333241e+05
 7.0000122e+01	 2.2351380e+05
 7.1000031e+01	 2.2366667e+05
 7.2000282e+01	 2.2371125e+05
 7.3000183e+01	 2.2376258e+05
 7.4000183e+01	 2.2377620e+05
 7.5000305e+01	 2.2377114e+05
 7.6000069e+01	 2.2377827e+05
 7.7000076e+01	 2.2399008e+05
 7.8000130e+01	 2.2403555e+05
 7.9000114e+01	 2.2406169e+05
 8.0000267e+01	 2.2410788e+05
 8.1000061e+01	 2.2402831e+05
 8.2000206e+01	 2.2416880e+05
 8.3000099e+01	 2.2429403e+05
 8.4000252e+01	 2.2435222e+05
 8.5000237e+01	 2.2437762e+05
 8.6000008e+01	 2.2434864e+05
 8.7000046e+01	 2.2438530e+05
 8.8000107e+01	 2.2434348e+05
 8.9000130e+01	 2.2454978e+05
 9.0000092e+01	 2.2464019e+05
 9.1000298e+01	 2.2470044e+05
 9.2000191e+01	 2.2470166e+05
 9.3000099e+01	 2.2462138e+05
 9.4000137e+01	 2.2476295e+05
 9.5000000e+01	 2.2483620e+05
 9.6000092e+01	 2.2491656e+05
 9.7000175e+01	 2.2495939e+05
 9.8000183e+01	 2.2493473e+05
 9.9000107e+01	 2.2495094e+05
 1.0000025e+02	 2.2488747e+05
 1.0100002e+02	 2.2503836e+05
 1.0200014e+02	 2.2513552e+05
 1.0300003e+02	 2.2515886e+05
 1.0400006e+02	 2.2516414e+05
 1.0500019e+02	 2.2508359e+05
 1.0600016e+02	 2.2513303e+05
 1.0700005e+02	 2.2513903e+05
 1.0800005e+02	 2.2527859e+05
 1.0900005e+02	 2.2533161e+05
 1.1000010e+02	 2.2530473e+05
 1.1100005e+02	 2.2535464e+05
 1.1200005e+02	 2.2522559e+05
 1.1300011e+02	 2.2531383e+05
 1.1400004e+02	 2.2541653e+05
 1.1500005e+02	 2.2547439e+05
 1.1600015e+02	 2.2547812e+05
 1.1700007e+02	 2.2547370e+05
 1.1800004e+02	 2.2543423e+05
 1.1900003e+02	 2.2538253e+05
 1.2000007e+02	 2.2557211e+05
 1.2100005e+02	 2.2560059e+05
 1.2200008e+02	 2.2571242e+05
 1.2300022e+02	 2.2563970e+05
 1.2400007e+02	 2.2547047e+05
 1.2500008e+02	 2.2562405e+05
 1.2600005e+02	 2.2570997e+05
 1.2700005e+02	 2.2574520e+05
 1.2800008e+02	 2.2576875e+05
 1.2900026e+02	 2.2570694e+05
 1.3000006e+02	 2.2575008e+05
 1.3100023e+02	 2.2568034e+05
 1.3200002e+02	 2.2578430e+05
 1.3300009e+02	 2.2590019e+05
 1.3400003e+02	 2.2591497e+05
 1.3500020e+02	 2.2590706e+05
 1.3600014e+02	 2.2577883e+05
 1.3700008e+02	 2.2587983e+05
 1.3800002e+02	 2.2593042e+05
 1.3900027e+02	 2.2578222e+05
 1.4000012e+02	 2.2564575e+05
 1.4100006e+02	 2.2548227e+05
 1.4200020e+02	 2.2541881e+05
 1.4300023e+02	 2.2526459e+05
 1.4400017e+02	 2.2536895e+05
 1.4500008e+02	 2.2539333e+05
 1.4600002e+02	 2.2542361e+05
 1.4700005e+02	 2.2534983e+05
 1.4800018e+02	 2.2522741e+05
 1.4900020e+02	 2.2529727e+05
 1.5000011e+02	 2.2530752e+05
 1.5100027e+02	 2.2536433e+05
 1.5200009e+02	 2.2537797e+05
 1.5300018e+02	 2.2532120e+05
 1.5400015e+02	 2.2527970e+05
 1.5500002e+02	 2.2480983e+05
 1.5600008e+02	 2.2465405e+05
 1.5700009e+02	 2.2444788e+05
 1.5800018e+02	 2.2431023e+05
 1.5900018e+02	 2.2414869e+05
 1.6000003e+02	 2.2389711e+05
 1.6100005e+02	 2.2393061e+05
 1.6200008e+02	 2.2391502e+05
 1.6300006e+02	 2.2395577e+05
 1.6400012e+02	 3.3140503e+05
 1.6410002e+02	 8.1125875e+05
 1.6420000e+02	 7.1494694e+05
 1.6430002e+02	 6.8967675e+05
 1.6440001e+02	 6.9777831e+05
 1.6450003e+02	 6.6835044e+05
 1.6460002e+02	 6.4357681e+05
 1.6470001e+02	 6.5112175e+05
 1.6480003e+02	 6.4617162e+05
 1.6490002e+02	 6.3086712e+05
 1.6500003e+02	 6.2853912e+05
 1.6510007e+02	 6.2956169e+05
 1.6520001e+02	 6.1956925e+05
 1.6530002e+02	 6.1534425e+05
 1.6540002e+02	 6.1993119e+05
 1.6550002e+02	 6.1345756e+05
 1.6560004e+02	 6.1516075e+05
 1.6570004e+02	 6.1715031e+05
 1.6580003e+02	 6.0705538e+05
 1.6590004e+02	 6.0931275e+05
 1.6600005e+02	 6.0646888e+05
 1.6610001e+02	 6.0568681e+05
 1.6620007e+02	 6.0376000e+05
 1.6630000e+02	 6.0747062e+05
 1.6640010e+02	 6.0059312e+05
 1.6650000e+02	 6.0085069e+05
 1.6660007e+02	 6.0118638e+05
 1.6670003e+02	 5.9954325e+05
 1.6680000e+02	 6.0049975e+05
 1.6690005e+02	 6.0069944e+05
 1.6700006e+02	 5.9925931e+05
 1.6710001e+02	 6.0141119e+05
 1.6720006e+02	 6.0264750e+05
 1.6730003e+02	 6.0092350e+05
 1.6740001e+02	 6.0351638e+05
 1.6750000e+02	 6.0434656e+05
 1.6760002e+02	 6.0628750e+05
 1.6770000e+02	 6.0456638e+05
 1.6780000e+02	 6.0539050e+05
 1.6790001e+02	 6.0731700e+05
 1.6800005e+02	 6.0878031e+05
 1.6810002e+02	 6.0918456e+05
 1.6820003e+02	 6.0980750e+05
 1.6830003e+02	 6.1172712e+05
 1.6840002e+02	 6.1539231e+05
 1.6850000e+02	 6.1503594e+05
 1.6860008e+02	 6.1685038e+05
 1.6870001e+02	 6.1801850e+05
 1.6880006e+02	 6.1789925e+05
 1.6890001e+02	 6.1837181e+05
 1.6900002e+02	 6.1905906e+05
 1.6910005e+02	 6.1940831e+05
 1.6920010e+02	 6.1966738e+05
 1.6930003e+02	 6.1989656e+05
 1.6940005e+02	 6.1987356e+05
 1.6950003e+02	 6.2045694e+05
 1.6960005e+02	 6.2161850e+05
 1.6970004e+02	 6.2252069e+05
 1.6980008e+02	 6.2250819e+05
 1.6990001e+02	 6.2200925e+05
 1.7000003e+02	 6.2131356e+05
