Time(s)	RBGK5(1,24)	RBGK5(2,24)	RBGK5(3,24)
 0.0000000e+00	 8.7080693e-01	 8.7080693e-01	 8.7080693e-01
 1.0005618e+00	 1.7911234e+02	 1.7910068e+02	 1.7909590e+02
 2.0000894e+00	 1.7915030e+02	 1.7914891e+02	 1.7914537e+02
 3.0001235e+00	 1.7914655e+02	 1.7914540e+02	 1.7914272e+02
 4.0000744e+00	 1.7914670e+02	 1.7914496e+02	 1.7913963e+02
 5.0000405e+00	 1.7913976e+02	 1.7913913e+02	 1.7913629e+02
 6.0000234e+00	 1.7913126e+02	 1.7913078e+02	 1.7912904e+02
 7.0002379e+00	 1.7912254e+02	 1.7912206e+02	 1.7912047e+02
 8.0000887e+00	 1.7911359e+02	 1.7911304e+02	 1.7911153e+02
 9.0000124e+00	 1.7910512e+02	 1.7910406e+02	 1.7910228e+02
 1.0000108e+01	 1.7909795e+02	 1.7909604e+02	 1.7909317e+02
 1.1000061e+01	 1.7909077e+02	 1.7908856e+02	 1.7908461e+02
 1.2000055e+01	 1.7908292e+02	 1.7908092e+02	 1.7907648e+02
 1.3000238e+01	 1.7907434e+02	 1.7907269e+02	 1.7906841e+02
 1.4000112e+01	 1.7906522e+02	 1.7906389e+02	 1.7906013e+02
 1.5000147e+01	 1.7905574e+02	 1.7905467e+02	 1.7905148e+02
 1.6000036e+01	 1.7904605e+02	 1.7904515e+02	 1.7904248e+02
 1.7000031e+01	 1.7903621e+02	 1.7903543e+02	 1.7903317e+02
 1.8000051e+01	 1.7902628e+02	 1.7902559e+02	 1.7902364e+02
 1.9000219e+01	 1.7901627e+02	 1.7901566e+02	 1.7901395e+02
 2.0000223e+01	 1.7900623e+02	 1.7900565e+02	 1.7900410e+02
 2.1000031e+01	 1.7899619e+02	 1.7899561e+02	 1.7899419e+02
 2.2000093e+01	 1.7898627e+02	 1.7898555e+02	 1.7898418e+02
 2.3000038e+01	 1.7897632e+02	 1.7897552e+02	 1.7897414e+02
 2.4000010e+01	 1.7896634e+02	 1.7896548e+02	 1.7896407e+02
 2.5000067e+01	 1.7895630e+02	 1.7895544e+02	 1.7895399e+02
 2.6000111e+01	 1.7894618e+02	 1.7894536e+02	 1.7894391e+02
 2.7000292e+01	 1.7893599e+02	 1.7893524e+02	 1.7893382e+02
 2.8000111e+01	 1.7892584e+02	 1.7892509e+02	 1.7892371e+02
 2.9000072e+01	 1.7891570e+02	 1.7891493e+02	 1.7891357e+02
 3.0000034e+01	 1.7890553e+02	 1.7890475e+02	 1.7890343e+02
 3.1000008e+01	 1.7889534e+02	 1.7889458e+02	 1.7889326e+02
 3.2000217e+01	 1.7888512e+02	 1.7888437e+02	 1.7888309e+02
 3.3000145e+01	 1.7887485e+02	 1.7887413e+02	 1.7887289e+02
 3.4000019e+01	 1.7886455e+02	 1.7886388e+02	 1.7886269e+02
 3.5000225e+01	 1.7885422e+02	 1.7885359e+02	 1.7885246e+02
 3.6000263e+01	 1.7884387e+02	 1.7884329e+02	 1.7884221e+02
 3.7000000e+01	 1.7883351e+02	 1.7883298e+02	 1.7883195e+02
 3.8000050e+01	 1.7882314e+02	 1.7882263e+02	 1.7882169e+02
 3.9000404e+01	 1.7881273e+02	 1.7881227e+02	 1.7881139e+02
 4.0000118e+01	 1.7880234e+02	 1.7880190e+02	 1.7880107e+02
 4.1000126e+01	 1.7879193e+02	 1.7879152e+02	 1.7879074e+02
 4.2000221e+01	 1.7878152e+02	 1.7878113e+02	 1.7878040e+02
 4.3000244e+01	 1.7877112e+02	 1.7877072e+02	 1.7877005e+02
 4.4000210e+01	 1.7876070e+02	 1.7876031e+02	 1.7875967e+02
 4.5000088e+01	 1.7875027e+02	 1.7874991e+02	 1.7874931e+02
 4.6000092e+01	 1.7873984e+02	 1.7873949e+02	 1.7873892e+02
 4.7000141e+01	 1.7872940e+02	 1.7872906e+02	 1.7872853e+02
 4.8000240e+01	 1.7871896e+02	 1.7871863e+02	 1.7871812e+02
 4.9000008e+01	 1.7870853e+02	 1.7870821e+02	 1.7870772e+02
 5.0000221e+01	 1.7869807e+02	 1.7869777e+02	 1.7869730e+02
 5.1000072e+01	 1.7868762e+02	 1.7868732e+02	 1.7868687e+02
 5.2000053e+01	 1.7867717e+02	 1.7867688e+02	 1.7867645e+02
 5.3000069e+01	 1.7866672e+02	 1.7866643e+02	 1.7866602e+02
 5.4000187e+01	 1.7865625e+02	 1.7865598e+02	 1.7865558e+02
 5.5000172e+01	 1.7864578e+02	 1.7864552e+02	 1.7864514e+02
 5.6000126e+01	 1.7863533e+02	 1.7863506e+02	 1.7863470e+02
 5.7000072e+01	 1.7862486e+02	 1.7862460e+02	 1.7862425e+02
 5.8000153e+01	 1.7861440e+02	 1.7861414e+02	 1.7861380e+02
 5.9000050e+01	 1.7860393e+02	 1.7860367e+02	 1.7860335e+02
 6.0000069e+01	 1.7859346e+02	 1.7859320e+02	 1.7859290e+02
 6.1000160e+01	 1.7858299e+02	 1.7858273e+02	 1.7858243e+02
 6.2000050e+01	 1.7857253e+02	 1.7857227e+02	 1.7857198e+02
 6.3000099e+01	 1.7856206e+02	 1.7856180e+02	 1.7856151e+02
 6.4000069e+01	 1.7855157e+02	 1.7855133e+02	 1.7855104e+02
 6.5000206e+01	 1.7854111e+02	 1.7854085e+02	 1.7854057e+02
 6.6000069e+01	 1.7853064e+02	 1.7853038e+02	 1.7853011e+02
 6.7000069e+01	 1.7852016e+02	 1.7851990e+02	 1.7851962e+02
 6.8000008e+01	 1.7850967e+02	 1.7850943e+02	 1.7850916e+02
 6.9000237e+01	 1.7849921e+02	 1.7849895e+02	 1.7849869e+02
 7.0000122e+01	 1.7848872e+02	 1.7848846e+02	 1.7848820e+02
 7.1000031e+01	 1.7847824e+02	 1.7847798e+02	 1.7847774e+02
 7.2000282e+01	 1.7846776e+02	 1.7846750e+02	 1.7846725e+02
 7.3000183e+01	 1.7845728e+02	 1.7845702e+02	 1.7845677e+02
 7.4000183e+01	 1.7844679e+02	 1.7844653e+02	 1.7844629e+02
 7.5000305e+01	 1.7843631e+02	 1.7843605e+02	 1.7843581e+02
 7.6000069e+01	 1.7842583e+02	 1.7842557e+02	 1.7842534e+02
 7.7000076e+01	 1.7841534e+02	 1.7841508e+02	 1.7841486e+02
 7.8000130e+01	 1.7840485e+02	 1.7840460e+02	 1.7840437e+02
 7.9000114e+01	 1.7839436e+02	 1.7839410e+02	 1.7839388e+02
 8.0000267e+01	 1.7838387e+02	 1.7838362e+02	 1.7838339e+02
 8.1000061e+01	 1.7837338e+02	 1.7837314e+02	 1.7837291e+02
 8.2000206e+01	 1.7836288e+02	 1.7836264e+02	 1.7836243e+02
 8.3000099e+01	 1.7835240e+02	 1.7835216e+02	 1.7835193e+02
 8.4000252e+01	 1.7834190e+02	 1.7834166e+02	 1.7834145e+02
 8.5000237e+01	 1.7833142e+02	 1.7833116e+02	 1.7833096e+02
 8.6000008e+01	 1.7832092e+02	 1.7832068e+02	 1.7832047e+02
 8.7000046e+01	 1.7831042e+02	 1.7831018e+02	 1.7830998e+02
 8.8000107e+01	 1.7829993e+02	 1.7829968e+02	 1.7829948e+02
 8.9000130e+01	 1.7828943e+02	 1.7828920e+02	 1.7828899e+02
 9.0000092e+01	 1.7827895e+02	 1.7827870e+02	 1.7827850e+02
 9.1000298e+01	 1.7826843e+02	 1.7826820e+02	 1.7826801e+02
 9.2000191e+01	 1.7825795e+02	 1.7825771e+02	 1.7825751e+02
 9.3000099e+01	 1.7824745e+02	 1.7824721e+02	 1.7824701e+02
 9.4000137e+01	 1.7823694e+02	 1.7823671e+02	 1.7823651e+02
 9.5000000e+01	 1.7822644e+02	 1.7822621e+02	 1.7822603e+02
 9.6000092e+01	 1.7821594e+02	 1.7821571e+02	 1.7821553e+02
 9.7000175e+01	 1.7820544e+02	 1.7820522e+02	 1.7820503e+02
 9.8000183e+01	 1.7819495e+02	 1.7819470e+02	 1.7819453e+02
 9.9000107e+01	 1.7818445e+02	 1.7818420e+02	 1.7818402e+02
 1.0000025e+02	 1.7817393e+02	 1.7817371e+02	 1.7817352e+02
 1.0100002e+02	 1.7816528e+02	 1.7816504e+02	 1.7816487e+02
 1.0200014e+02	 1.7815662e+02	 1.7815639e+02	 1.7815620e+02
 1.0300003e+02	 1.7814795e+02	 1.7814772e+02	 1.7814755e+02
 1.0400006e+02	 1.7813928e+02	 1.7813905e+02	 1.7813889e+02
 1.0500019e+02	 1.7813062e+02	 1.7813039e+02	 1.7813022e+02
 1.0600016e+02	 1.7812195e+02	 1.7812172e+02	 1.7812157e+02
 1.0700005e+02	 1.7811330e+02	 1.7811307e+02	 1.7811290e+02
 1.0800005e+02	 1.7810463e+02	 1.7810440e+02	 1.7810423e+02
 1.0900005e+02	 1.7809596e+02	 1.7809573e+02	 1.7809557e+02
 1.1000010e+02	 1.7808730e+02	 1.7808707e+02	 1.7808690e+02
 1.1100005e+02	 1.7807863e+02	 1.7807840e+02	 1.7807825e+02
 1.1200005e+02	 1.7806995e+02	 1.7806973e+02	 1.7806958e+02
 1.1300011e+02	 1.7806128e+02	 1.7806107e+02	 1.7806091e+02
 1.1400004e+02	 1.7805261e+02	 1.7805240e+02	 1.7805225e+02
 1.1500005e+02	 1.7804395e+02	 1.7804373e+02	 1.7804358e+02
 1.1600015e+02	 1.7803528e+02	 1.7803505e+02	 1.7803491e+02
 1.1700007e+02	 1.7802661e+02	 1.7802638e+02	 1.7802625e+02
 1.1800004e+02	 1.7801793e+02	 1.7801772e+02	 1.7801758e+02
 1.1900003e+02	 1.7800926e+02	 1.7800905e+02	 1.7800891e+02
 1.2000007e+02	 1.7800060e+02	 1.7800038e+02	 1.7800023e+02
 1.2100005e+02	 1.7799191e+02	 1.7799170e+02	 1.7799156e+02
 1.2200008e+02	 1.7798325e+02	 1.7798303e+02	 1.7798289e+02
 1.2300022e+02	 1.7797456e+02	 1.7797437e+02	 1.7797423e+02
 1.2400007e+02	 1.7796590e+02	 1.7796568e+02	 1.7796556e+02
 1.2500008e+02	 1.7795723e+02	 1.7795702e+02	 1.7795688e+02
 1.2600005e+02	 1.7794855e+02	 1.7794835e+02	 1.7794821e+02
 1.2700005e+02	 1.7793988e+02	 1.7793967e+02	 1.7793954e+02
 1.2800008e+02	 1.7793120e+02	 1.7793100e+02	 1.7793088e+02
 1.2900026e+02	 1.7792252e+02	 1.7792232e+02	 1.7792220e+02
 1.3000006e+02	 1.7791385e+02	 1.7791365e+02	 1.7791353e+02
 1.3100023e+02	 1.7790517e+02	 1.7790497e+02	 1.7790485e+02
 1.3200002e+02	 1.7789650e+02	 1.7789630e+02	 1.7789618e+02
 1.3300009e+02	 1.7788782e+02	 1.7788762e+02	 1.7788750e+02
 1.3400003e+02	 1.7787914e+02	 1.7787895e+02	 1.7787883e+02
 1.3500020e+02	 1.7787045e+02	 1.7787027e+02	 1.7787015e+02
 1.3600014e+02	 1.7786179e+02	 1.7786159e+02	 1.7786148e+02
 1.3700008e+02	 1.7785310e+02	 1.7785292e+02	 1.7785280e+02
 1.3800002e+02	 1.7784442e+02	 1.7784424e+02	 1.7784413e+02
 1.3900027e+02	 1.7783574e+02	 1.7783556e+02	 1.7783545e+02
 1.4000012e+02	 1.7782706e+02	 1.7782687e+02	 1.7782677e+02
 1.4100006e+02	 1.7781839e+02	 1.7781821e+02	 1.7781810e+02
 1.4200020e+02	 1.7780971e+02	 1.7780952e+02	 1.7780942e+02
 1.4300023e+02	 1.7780103e+02	 1.7780084e+02	 1.7780074e+02
 1.4400017e+02	 1.7779234e+02	 1.7779216e+02	 1.7779207e+02
 1.4500008e+02	 1.7778366e+02	 1.7778348e+02	 1.7778339e+02
 1.4600002e+02	 1.7777498e+02	 1.7777481e+02	 1.7777470e+02
 1.4700005e+02	 1.7776630e+02	 1.7776613e+02	 1.7776602e+02
 1.4800018e+02	 1.7775761e+02	 1.7775745e+02	 1.7775734e+02
 1.4900020e+02	 1.7774893e+02	 1.7774876e+02	 1.7774867e+02
 1.5000011e+02	 1.7774025e+02	 1.7774008e+02	 1.7773999e+02
 1.5100027e+02	 1.7773155e+02	 1.7773140e+02	 1.7773131e+02
 1.5200009e+02	 1.7772287e+02	 1.7772272e+02	 1.7772263e+02
 1.5300018e+02	 1.7771419e+02	 1.7771404e+02	 1.7771394e+02
 1.5400015e+02	 1.7770551e+02	 1.7770535e+02	 1.7770526e+02
 1.5500002e+02	 1.7769682e+02	 1.7769667e+02	 1.7769658e+02
 1.5600008e+02	 1.7768814e+02	 1.7768797e+02	 1.7768790e+02
 1.5700009e+02	 1.7767944e+02	 1.7767929e+02	 1.7767921e+02
 1.5800018e+02	 1.7767076e+02	 1.7767061e+02	 1.7767053e+02
 1.5900018e+02	 1.7766208e+02	 1.7766193e+02	 1.7766185e+02
 1.6000003e+02	 1.7765340e+02	 1.7765324e+02	 1.7765317e+02
 1.6100005e+02	 1.7764470e+02	 1.7764456e+02	 1.7764449e+02
 1.6200008e+02	 1.7763602e+02	 1.7763586e+02	 1.7763579e+02
 1.6300006e+02	 1.7762733e+02	 1.7762718e+02	 1.7762711e+02
 1.6400012e+02	 1.7761864e+02	 1.7761850e+02	 1.7761842e+02
 1.6410002e+02	 1.7761290e+02	 1.7761276e+02	 1.7761269e+02
 1.6420000e+02	 1.7760712e+02	 1.7760698e+02	 1.7760690e+02
 1.6430002e+02	 1.7760130e+02	 1.7760117e+02	 1.7760109e+02
 1.6440001e+02	 1.7759549e+02	 1.7759535e+02	 1.7759528e+02
 1.6450003e+02	 1.7758968e+02	 1.7758954e+02	 1.7758946e+02
 1.6460002e+02	 1.7758388e+02	 1.7758374e+02	 1.7758366e+02
 1.6470001e+02	 1.7757808e+02	 1.7757794e+02	 1.7757787e+02
 1.6480003e+02	 1.7757228e+02	 1.7757214e+02	 1.7757207e+02
 1.6490002e+02	 1.7756648e+02	 1.7756635e+02	 1.7756628e+02
 1.6500003e+02	 1.7756070e+02	 1.7756056e+02	 1.7756049e+02
 1.6510007e+02	 1.7755490e+02	 1.7755476e+02	 1.7755469e+02
 1.6520001e+02	 1.7754910e+02	 1.7754897e+02	 1.7754890e+02
 1.6530002e+02	 1.7754330e+02	 1.7754317e+02	 1.7754311e+02
 1.6540002e+02	 1.7753752e+02	 1.7753738e+02	 1.7753731e+02
 1.6550002e+02	 1.7753172e+02	 1.7753159e+02	 1.7753151e+02
 1.6560004e+02	 1.7752592e+02	 1.7752579e+02	 1.7752571e+02
 1.6570004e+02	 1.7752013e+02	 1.7751999e+02	 1.7751993e+02
 1.6580003e+02	 1.7751433e+02	 1.7751419e+02	 1.7751413e+02
 1.6590004e+02	 1.7750854e+02	 1.7750841e+02	 1.7750833e+02
 1.6600005e+02	 1.7750275e+02	 1.7750261e+02	 1.7750253e+02
 1.6610001e+02	 1.7749695e+02	 1.7749681e+02	 1.7749673e+02
 1.6620007e+02	 1.7749115e+02	 1.7749101e+02	 1.7749094e+02
 1.6630000e+02	 1.7748535e+02	 1.7748521e+02	 1.7748515e+02
 1.6640010e+02	 1.7747955e+02	 1.7747942e+02	 1.7747935e+02
 1.6650000e+02	 1.7747377e+02	 1.7747363e+02	 1.7747356e+02
 1.6660007e+02	 1.7746797e+02	 1.7746783e+02	 1.7746776e+02
 1.6670003e+02	 1.7746217e+02	 1.7746204e+02	 1.7746196e+02
 1.6680000e+02	 1.7745638e+02	 1.7745624e+02	 1.7745618e+02
 1.6690005e+02	 1.7745058e+02	 1.7745044e+02	 1.7745038e+02
 1.6700006e+02	 1.7744478e+02	 1.7744464e+02	 1.7744458e+02
 1.6710001e+02	 1.7743898e+02	 1.7743884e+02	 1.7743878e+02
 1.6720006e+02	 1.7743318e+02	 1.7743304e+02	 1.7743298e+02
 1.6730003e+02	 1.7742738e+02	 1.7742726e+02	 1.7742719e+02
 1.6740001e+02	 1.7742160e+02	 1.7742146e+02	 1.7742139e+02
 1.6750000e+02	 1.7741580e+02	 1.7741566e+02	 1.7741559e+02
 1.6760002e+02	 1.7741000e+02	 1.7740987e+02	 1.7740979e+02
 1.6770000e+02	 1.7740421e+02	 1.7740407e+02	 1.7740401e+02
 1.6780000e+02	 1.7739841e+02	 1.7739827e+02	 1.7739821e+02
 1.6790001e+02	 1.7739261e+02	 1.7739247e+02	 1.7739241e+02
 1.6800005e+02	 1.7738681e+02	 1.7738667e+02	 1.7738661e+02
 1.6810002e+02	 1.7738101e+02	 1.7738087e+02	 1.7738081e+02
 1.6820003e+02	 1.7737521e+02	 1.7737508e+02	 1.7737502e+02
 1.6830003e+02	 1.7736942e+02	 1.7736928e+02	 1.7736922e+02
 1.6840002e+02	 1.7736362e+02	 1.7736348e+02	 1.7736342e+02
 1.6850000e+02	 1.7735782e+02	 1.7735768e+02	 1.7735762e+02
 1.6860008e+02	 1.7735202e+02	 1.7735188e+02	 1.7735182e+02
 1.6870001e+02	 1.7734622e+02	 1.7734608e+02	 1.7734602e+02
 1.6880006e+02	 1.7734042e+02	 1.7734029e+02	 1.7734023e+02
 1.6890001e+02	 1.7733463e+02	 1.7733449e+02	 1.7733443e+02
 1.6900002e+02	 1.7732883e+02	 1.7732869e+02	 1.7732863e+02
 1.6910005e+02	 1.7732303e+02	 1.7732289e+02	 1.7732283e+02
 1.6920010e+02	 1.7731721e+02	 1.7731709e+02	 1.7731703e+02
 1.6930003e+02	 1.7731143e+02	 1.7731129e+02	 1.7731123e+02
 1.6940005e+02	 1.7730563e+02	 1.7730550e+02	 1.7730544e+02
 1.6950003e+02	 1.7729984e+02	 1.7729970e+02	 1.7729964e+02
 1.6960005e+02	 1.7729402e+02	 1.7729390e+02	 1.7729384e+02
 1.6970004e+02	 1.7728822e+02	 1.7728810e+02	 1.7728804e+02
 1.6980008e+02	 1.7728242e+02	 1.7728230e+02	 1.7728223e+02
 1.6990001e+02	 1.7727663e+02	 1.7727650e+02	 1.7727644e+02
 1.7000003e+02	 1.7709987e+02	 1.7709975e+02	 1.7709967e+02
