Time(s)	TGK(3,40)	TGK(4,40)	TGK(5,40)
 0.0000000e+00	 5.4100000e+02	 6.0300000e+02	 6.0300000e+02
 1.0005618e+00	 5.6351794e+02	 6.0300000e+02	 6.0300000e+02
 2.0000894e+00	 5.6581525e+02	 6.0300000e+02	 6.0300000e+02
 3.0001235e+00	 5.6596313e+02	 6.0300000e+02	 6.0300000e+02
 4.0000744e+00	 5.6345013e+02	 6.0300000e+02	 6.0300000e+02
 5.0000405e+00	 5.6419617e+02	 6.0300000e+02	 6.0300000e+02
 6.0000234e+00	 5.6335620e+02	 6.0300000e+02	 6.0300000e+02
 7.0002379e+00	 5.6314777e+02	 6.0300000e+02	 6.0300000e+02
 8.0000887e+00	 5.6371631e+02	 6.0300000e+02	 6.0300000e+02
 9.0000124e+00	 5.6383899e+02	 6.0300000e+02	 6.0300000e+02
 1.0000108e+01	 5.6380609e+02	 6.0300000e+02	 6.0300000e+02
 1.1000061e+01	 5.6413672e+02	 6.0300000e+02	 6.0300000e+02
 1.2000055e+01	 5.6426300e+02	 6.0300000e+02	 6.0300000e+02
 1.3000238e+01	 5.6439722e+02	 6.0300000e+02	 6.0300000e+02
 1.4000112e+01	 5.6540735e+02	 6.0300000e+02	 6.0300000e+02
 1.5000147e+01	 5.6493555e+02	 6.0300000e+02	 6.0300000e+02
 1.6000036e+01	 5.6365515e+02	 6.0300000e+02	 6.0300000e+02
 1.7000031e+01	 5.6508844e+02	 6.0300000e+02	 6.0300000e+02
 1.8000051e+01	 5.6587427e+02	 6.0300000e+02	 6.0300000e+02
 1.9000219e+01	 5.6598871e+02	 6.0300000e+02	 6.0300000e+02
 2.0000223e+01	 5.6583734e+02	 6.0300000e+02	 6.0300000e+02
 2.1000031e+01	 5.6562488e+02	 6.0300000e+02	 6.0300000e+02
 2.2000093e+01	 5.6546698e+02	 6.0300000e+02	 6.0300000e+02
 2.3000038e+01	 5.6536188e+02	 6.0300000e+02	 6.0300000e+02
 2.4000010e+01	 5.6529602e+02	 6.0300000e+02	 6.0300000e+02
 2.5000067e+01	 5.6526074e+02	 6.0300000e+02	 6.0300000e+02
 2.6000111e+01	 5.6524786e+02	 6.0300000e+02	 6.0300000e+02
 2.7000292e+01	 5.6525031e+02	 6.0300000e+02	 6.0300000e+02
 2.8000111e+01	 5.6526740e+02	 6.0300000e+02	 6.0300000e+02
 2.9000072e+01	 5.6529785e+02	 6.0300000e+02	 6.0300000e+02
 3.0000034e+01	 5.6533685e+02	 6.0300000e+02	 6.0300000e+02
 3.1000008e+01	 5.6537799e+02	 6.0300000e+02	 6.0300000e+02
 3.2000217e+01	 5.6541107e+02	 6.0300000e+02	 6.0300000e+02
 3.3000145e+01	 5.6543024e+02	 6.0300000e+02	 6.0300000e+02
 3.4000019e+01	 5.6543097e+02	 6.0300000e+02	 6.0300000e+02
 3.5000225e+01	 5.6541010e+02	 6.0300000e+02	 6.0300000e+02
 3.6000263e+01	 5.6537860e+02	 6.0300000e+02	 6.0300000e+02
 3.7000000e+01	 5.6534283e+02	 6.0300000e+02	 6.0300000e+02
 3.8000050e+01	 5.6530713e+02	 6.0300000e+02	 6.0300000e+02
 3.9000404e+01	 5.6527484e+02	 6.0300000e+02	 6.0300000e+02
 4.0000118e+01	 5.6524792e+02	 6.0300000e+02	 6.0300000e+02
 4.1000126e+01	 5.6522662e+02	 6.0300000e+02	 6.0300000e+02
 4.2000221e+01	 5.6521008e+02	 6.0300000e+02	 6.0300000e+02
 4.3000244e+01	 5.6519727e+02	 6.0300000e+02	 6.0300000e+02
 4.4000210e+01	 5.6518689e+02	 6.0300000e+02	 6.0300000e+02
 4.5000088e+01	 5.6517780e+02	 6.0300000e+02	 6.0300000e+02
 4.6000092e+01	 5.6516913e+02	 6.0300000e+02	 6.0300000e+02
 4.7000141e+01	 5.6516022e+02	 6.0300000e+02	 6.0300000e+02
 4.8000240e+01	 5.6515094e+02	 6.0300000e+02	 6.0300000e+02
 4.9000008e+01	 5.6514124e+02	 6.0300000e+02	 6.0300000e+02
 5.0000221e+01	 5.6513141e+02	 6.0300000e+02	 6.0300000e+02
 5.1000072e+01	 5.6512183e+02	 6.0300000e+02	 6.0300000e+02
 5.2000053e+01	 5.6511273e+02	 6.0300000e+02	 6.0300000e+02
 5.3000069e+01	 5.6510443e+02	 6.0300000e+02	 6.0300000e+02
 5.4000187e+01	 5.6509705e+02	 6.0300000e+02	 6.0300000e+02
 5.5000172e+01	 5.6509033e+02	 6.0300000e+02	 6.0300000e+02
 5.6000126e+01	 5.6508459e+02	 6.0300000e+02	 6.0300000e+02
 5.7000072e+01	 5.6508026e+02	 6.0300000e+02	 6.0300000e+02
 5.8000153e+01	 5.6507709e+02	 6.0300000e+02	 6.0300000e+02
 5.9000050e+01	 5.6507513e+02	 6.0300000e+02	 6.0300000e+02
 6.0000069e+01	 5.6507428e+02	 6.0300000e+02	 6.0300000e+02
 6.1000160e+01	 5.6507404e+02	 6.0300000e+02	 6.0300000e+02
 6.2000050e+01	 5.6507404e+02	 6.0300000e+02	 6.0300000e+02
 6.3000099e+01	 5.6507416e+02	 6.0300000e+02	 6.0300000e+02
 6.4000069e+01	 5.6507434e+02	 6.0300000e+02	 6.0300000e+02
 6.5000206e+01	 5.6507440e+02	 6.0300000e+02	 6.0300000e+02
 6.6000069e+01	 5.6507446e+02	 6.0300000e+02	 6.0300000e+02
 6.7000069e+01	 5.6507483e+02	 6.0300000e+02	 6.0300000e+02
 6.8000008e+01	 5.6507489e+02	 6.0300000e+02	 6.0300000e+02
 6.9000237e+01	 5.6507495e+02	 6.0300000e+02	 6.0300000e+02
 7.0000122e+01	 5.6507513e+02	 6.0300000e+02	 6.0300000e+02
 7.1000031e+01	 5.6507532e+02	 6.0300000e+02	 6.0300000e+02
 7.2000282e+01	 5.6507581e+02	 6.0300000e+02	 6.0300000e+02
 7.3000183e+01	 5.6507581e+02	 6.0300000e+02	 6.0300000e+02
 7.4000183e+01	 5.6507568e+02	 6.0300000e+02	 6.0300000e+02
 7.5000305e+01	 5.6507495e+02	 6.0300000e+02	 6.0300000e+02
 7.6000069e+01	 5.6507330e+02	 6.0300000e+02	 6.0300000e+02
 7.7000076e+01	 5.6507086e+02	 6.0300000e+02	 6.0300000e+02
 7.8000130e+01	 5.6506799e+02	 6.0300000e+02	 6.0300000e+02
 7.9000114e+01	 5.6506433e+02	 6.0300000e+02	 6.0300000e+02
 8.0000267e+01	 5.6506049e+02	 6.0300000e+02	 6.0300000e+02
 8.1000061e+01	 5.6505701e+02	 6.0300000e+02	 6.0300000e+02
 8.2000206e+01	 5.6505341e+02	 6.0300000e+02	 6.0300000e+02
 8.3000099e+01	 5.6505029e+02	 6.0300000e+02	 6.0300000e+02
 8.4000252e+01	 5.6504791e+02	 6.0300000e+02	 6.0300000e+02
 8.5000237e+01	 5.6504559e+02	 6.0300000e+02	 6.0300000e+02
 8.6000008e+01	 5.6504352e+02	 6.0300000e+02	 6.0300000e+02
 8.7000046e+01	 5.6504181e+02	 6.0300000e+02	 6.0300000e+02
 8.8000107e+01	 5.6503949e+02	 6.0300000e+02	 6.0300000e+02
 8.9000130e+01	 5.6503705e+02	 6.0300000e+02	 6.0300000e+02
 9.0000092e+01	 5.6503424e+02	 6.0300000e+02	 6.0300000e+02
 9.1000298e+01	 5.6503009e+02	 6.0300000e+02	 6.0300000e+02
 9.2000191e+01	 5.6502551e+02	 6.0300000e+02	 6.0300000e+02
 9.3000099e+01	 5.6502100e+02	 6.0300000e+02	 6.0300000e+02
 9.4000137e+01	 5.6501611e+02	 6.0300000e+02	 6.0300000e+02
 9.5000000e+01	 5.6501147e+02	 6.0300000e+02	 6.0300000e+02
 9.6000092e+01	 5.6500763e+02	 6.0300000e+02	 6.0300000e+02
 9.7000175e+01	 5.6500403e+02	 6.0300000e+02	 6.0300000e+02
 9.8000183e+01	 5.6500104e+02	 6.0300000e+02	 6.0300000e+02
 9.9000107e+01	 5.6499854e+02	 6.0300000e+02	 6.0300000e+02
 1.0000025e+02	 5.6499658e+02	 6.0300000e+02	 6.0300000e+02
 1.0100002e+02	 5.6499426e+02	 6.0300000e+02	 6.0300000e+02
 1.0200014e+02	 5.6499176e+02	 6.0300000e+02	 6.0300000e+02
 1.0300003e+02	 5.6498907e+02	 6.0300000e+02	 6.0300000e+02
 1.0400006e+02	 5.6498676e+02	 6.0300000e+02	 6.0300000e+02
 1.0500019e+02	 5.6498370e+02	 6.0300000e+02	 6.0300000e+02
 1.0600016e+02	 5.6498059e+02	 6.0300000e+02	 6.0300000e+02
 1.0700005e+02	 5.6497894e+02	 6.0300000e+02	 6.0300000e+02
 1.0800005e+02	 5.6497601e+02	 6.0300000e+02	 6.0300000e+02
 1.0900005e+02	 5.6497327e+02	 6.0300000e+02	 6.0300000e+02
 1.1000010e+02	 5.6497052e+02	 6.0300000e+02	 6.0300000e+02
 1.1100005e+02	 5.6496826e+02	 6.0300000e+02	 6.0300000e+02
 1.1200005e+02	 5.6496582e+02	 6.0300000e+02	 6.0300000e+02
 1.1300011e+02	 5.6496350e+02	 6.0300000e+02	 6.0300000e+02
 1.1400004e+02	 5.6496143e+02	 6.0300000e+02	 6.0300000e+02
 1.1500005e+02	 5.6495972e+02	 6.0300000e+02	 6.0300000e+02
 1.1600015e+02	 5.6495782e+02	 6.0300000e+02	 6.0300000e+02
 1.1700007e+02	 5.6495599e+02	 6.0300000e+02	 6.0300000e+02
 1.1800004e+02	 5.6495453e+02	 6.0300000e+02	 6.0300000e+02
 1.1900003e+02	 5.6495312e+02	 6.0300000e+02	 6.0300000e+02
 1.2000007e+02	 5.6495209e+02	 6.0300000e+02	 6.0300000e+02
 1.2100005e+02	 5.6495038e+02	 6.0300000e+02	 6.0300000e+02
 1.2200008e+02	 5.6494873e+02	 6.0300000e+02	 6.0300000e+02
 1.2300022e+02	 5.6494708e+02	 6.0300000e+02	 6.0300000e+02
 1.2400007e+02	 5.6494586e+02	 6.0300000e+02	 6.0300000e+02
 1.2500008e+02	 5.6494464e+02	 6.0300000e+02	 6.0300000e+02
 1.2600005e+02	 5.6494305e+02	 6.0300000e+02	 6.0300000e+02
 1.2700005e+02	 5.6494135e+02	 6.0300000e+02	 6.0300000e+02
 1.2800008e+02	 5.6493964e+02	 6.0300000e+02	 6.0300000e+02
 1.2900026e+02	 5.6493884e+02	 6.0300000e+02	 6.0300000e+02
 1.3000006e+02	 5.6493701e+02	 6.0300000e+02	 6.0300000e+02
 1.3100023e+02	 5.6493518e+02	 6.0300000e+02	 6.0300000e+02
 1.3200002e+02	 5.6493329e+02	 6.0300000e+02	 6.0300000e+02
 1.3300009e+02	 5.6493164e+02	 6.0300000e+02	 6.0300000e+02
 1.3400003e+02	 5.6493011e+02	 6.0300000e+02	 6.0300000e+02
 1.3500020e+02	 5.6492859e+02	 6.0300000e+02	 6.0300000e+02
 1.3600014e+02	 5.6492749e+02	 6.0300000e+02	 6.0300000e+02
 1.3700008e+02	 5.6492572e+02	 6.0300000e+02	 6.0300000e+02
 1.3800002e+02	 5.6492395e+02	 6.0300000e+02	 6.0300000e+02
 1.3900027e+02	 5.6492261e+02	 6.0300000e+02	 6.0300000e+02
 1.4000012e+02	 5.6492090e+02	 6.0300000e+02	 6.0300000e+02
 1.4100006e+02	 5.6491980e+02	 6.0300000e+02	 6.0300000e+02
 1.4200020e+02	 5.6491809e+02	 6.0300000e+02	 6.0300000e+02
 1.4300023e+02	 5.6491638e+02	 6.0300000e+02	 6.0300000e+02
 1.4400017e+02	 5.6491541e+02	 6.0300000e+02	 6.0300000e+02
 1.4500008e+02	 5.6491364e+02	 6.0300000e+02	 6.0300000e+02
 1.4600002e+02	 5.6491174e+02	 6.0300000e+02	 6.0300000e+02
 1.4700005e+02	 5.6491046e+02	 6.0300000e+02	 6.0300000e+02
 1.4800018e+02	 5.6490948e+02	 6.0300000e+02	 6.0300000e+02
 1.4900020e+02	 5.6490918e+02	 6.0300000e+02	 6.0300000e+02
 1.5000011e+02	 5.6490814e+02	 6.0300000e+02	 6.0300000e+02
 1.5100027e+02	 5.6490692e+02	 6.0300000e+02	 6.0300000e+02
 1.5200009e+02	 5.6490607e+02	 6.0300000e+02	 6.0300000e+02
 1.5300018e+02	 5.6490442e+02	 6.0300000e+02	 6.0300000e+02
 1.5400015e+02	 5.6490302e+02	 6.0300000e+02	 6.0300000e+02
 1.5500002e+02	 5.6490106e+02	 6.0300000e+02	 6.0300000e+02
 1.5600008e+02	 5.6489972e+02	 6.0300000e+02	 6.0300000e+02
 1.5700009e+02	 5.6489771e+02	 6.0300000e+02	 6.0300000e+02
 1.5800018e+02	 5.6489642e+02	 6.0300000e+02	 6.0300000e+02
 1.5900018e+02	 5.6489380e+02	 6.0300000e+02	 6.0300000e+02
 1.6000003e+02	 5.6489252e+02	 6.0300000e+02	 6.0300000e+02
 1.6100005e+02	 5.6489008e+02	 6.0300000e+02	 6.0300000e+02
 1.6200008e+02	 5.6488763e+02	 6.0300000e+02	 6.0300000e+02
 1.6300006e+02	 5.6488562e+02	 6.0300000e+02	 6.0300000e+02
 1.6400012e+02	 5.6488324e+02	 6.0300000e+02	 6.0300000e+02
 1.6410002e+02	 5.2507367e+02	 6.0300000e+02	 6.0300000e+02
 1.6420000e+02	 4.9259833e+02	 6.0300000e+02	 6.0300000e+02
 1.6430002e+02	 4.2836105e+02	 6.0300000e+02	 6.0300000e+02
 1.6440001e+02	 4.2719025e+02	 6.0300000e+02	 6.0300000e+02
 1.6450003e+02	 4.3406369e+02	 6.0300000e+02	 6.0300000e+02
 1.6460002e+02	 4.4924796e+02	 6.0300000e+02	 6.0300000e+02
 1.6470001e+02	 4.7089670e+02	 6.0300000e+02	 6.0300000e+02
 1.6480003e+02	 4.9970132e+02	 6.0300000e+02	 6.0300000e+02
 1.6490002e+02	 5.2573706e+02	 6.0300000e+02	 6.0300000e+02
 1.6500003e+02	 5.2594287e+02	 6.0300000e+02	 6.0300000e+02
 1.6510007e+02	 5.6871130e+02	 6.0300000e+02	 6.0300000e+02
 1.6520001e+02	 6.3494318e+02	 6.0300000e+02	 6.0300000e+02
 1.6530002e+02	 8.5037402e+02	 6.0300000e+02	 6.0300000e+02
 1.6540002e+02	 1.0842534e+03	 6.0300000e+02	 6.0300000e+02
 1.6550002e+02	 9.3709473e+02	 6.0300000e+02	 6.0300000e+02
 1.6560004e+02	 7.2913464e+02	 6.0300000e+02	 6.0300000e+02
 1.6570004e+02	 5.5845966e+02	 6.0300000e+02	 6.0300000e+02
 1.6580003e+02	 5.2290344e+02	 6.0300000e+02	 6.0300000e+02
 1.6590004e+02	 6.5614819e+02	 6.0300000e+02	 6.0300000e+02
 1.6600005e+02	 5.2918286e+02	 6.0300000e+02	 6.0300000e+02
 1.6610001e+02	 5.5532831e+02	 6.0300000e+02	 6.0300000e+02
 1.6620007e+02	 6.1464203e+02	 6.0300000e+02	 6.0300000e+02
 1.6630000e+02	 6.2544971e+02	 6.0300000e+02	 6.0300000e+02
 1.6640010e+02	 6.1605591e+02	 6.0300000e+02	 6.0300000e+02
 1.6650000e+02	 6.3912543e+02	 6.0300000e+02	 6.0300000e+02
 1.6660007e+02	 6.6640033e+02	 6.0300000e+02	 6.0300000e+02
 1.6670003e+02	 6.9909283e+02	 6.0300000e+02	 6.0300000e+02
 1.6680000e+02	 7.1140302e+02	 6.0300000e+02	 6.0300000e+02
 1.6690005e+02	 7.0525403e+02	 6.0300000e+02	 6.0300000e+02
 1.6700006e+02	 7.0427271e+02	 6.0300000e+02	 6.0300000e+02
 1.6710001e+02	 7.0460138e+02	 6.0300000e+02	 6.0300000e+02
 1.6720006e+02	 6.9583282e+02	 6.0300000e+02	 6.0300000e+02
 1.6730003e+02	 6.4844806e+02	 6.0300000e+02	 6.0300000e+02
 1.6740001e+02	 6.4700537e+02	 6.0300000e+02	 6.0300000e+02
 1.6750000e+02	 6.4344159e+02	 6.0300000e+02	 6.0300000e+02
 1.6760002e+02	 6.4681281e+02	 6.0300000e+02	 6.0300000e+02
 1.6770000e+02	 6.6692358e+02	 6.0300000e+02	 6.0300000e+02
 1.6780000e+02	 6.9588800e+02	 6.0300000e+02	 6.0300000e+02
 1.6790001e+02	 7.1484821e+02	 6.0300000e+02	 6.0300000e+02
 1.6800005e+02	 7.2560162e+02	 6.0300000e+02	 6.0300000e+02
 1.6810002e+02	 7.3226385e+02	 6.0300000e+02	 6.0300000e+02
 1.6820003e+02	 7.3915271e+02	 6.0300000e+02	 6.0300000e+02
 1.6830003e+02	 7.5306940e+02	 6.0300000e+02	 6.0300000e+02
 1.6840002e+02	 7.7511646e+02	 6.0300000e+02	 6.0300000e+02
 1.6850000e+02	 7.9587134e+02	 6.0300000e+02	 6.0300000e+02
 1.6860008e+02	 8.4200592e+02	 6.0300000e+02	 6.0300000e+02
 1.6870001e+02	 8.6980829e+02	 6.0300000e+02	 6.0300000e+02
 1.6880006e+02	 9.2159570e+02	 6.0300000e+02	 6.0300000e+02
 1.6890001e+02	 9.6838916e+02	 6.0300000e+02	 6.0300000e+02
 1.6900002e+02	 1.0057189e+03	 6.0300000e+02	 6.0300000e+02
 1.6910005e+02	 1.0332343e+03	 6.0300000e+02	 6.0300000e+02
 1.6920010e+02	 1.0568594e+03	 6.0300000e+02	 6.0300000e+02
 1.6930003e+02	 1.0881451e+03	 6.0300000e+02	 6.0300000e+02
 1.6940005e+02	 1.1088887e+03	 6.0300000e+02	 6.0300000e+02
 1.6950003e+02	 1.1281099e+03	 6.0300000e+02	 6.0300000e+02
 1.6960005e+02	 1.1123165e+03	 6.0300000e+02	 6.0300000e+02
 1.6970004e+02	 9.9949847e+02	 6.0300000e+02	 6.0300000e+02
 1.6980008e+02	 8.8534491e+02	 6.0300000e+02	 6.0300000e+02
 1.6990001e+02	 7.9615814e+02	 6.0300000e+02	 6.0300000e+02
 1.7000003e+02	 7.4013684e+02	 6.0300000e+02	 6.0300000e+02
