Time(s)	TLK1(41,61)
 0.0000000e+00	 6.0300000e+02
 1.0005618e+00	 6.0300000e+02
 2.0000894e+00	 6.0300000e+02
 3.0001235e+00	 6.0300000e+02
 4.0000744e+00	 6.0300000e+02
 5.0000405e+00	 6.0300000e+02
 6.0000234e+00	 6.0300006e+02
 7.0002379e+00	 6.0300012e+02
 8.0000887e+00	 6.0300018e+02
 9.0000124e+00	 6.0300031e+02
 1.0000108e+01	 6.0300055e+02
 1.1000061e+01	 6.0300104e+02
 1.2000055e+01	 6.0300153e+02
 1.3000238e+01	 6.0300201e+02
 1.4000112e+01	 6.0300244e+02
 1.5000147e+01	 6.0300275e+02
 1.6000036e+01	 6.0300299e+02
 1.7000031e+01	 6.0300317e+02
 1.8000051e+01	 6.0300323e+02
 1.9000219e+01	 6.0300323e+02
 2.0000223e+01	 6.0300323e+02
 2.1000031e+01	 6.0300317e+02
 2.2000093e+01	 6.0300311e+02
 2.3000038e+01	 6.0300305e+02
 2.4000010e+01	 6.0300287e+02
 2.5000067e+01	 6.0300269e+02
 2.6000111e+01	 6.0300250e+02
 2.7000292e+01	 6.0300232e+02
 2.8000111e+01	 6.0300214e+02
 2.9000072e+01	 6.0300195e+02
 3.0000034e+01	 6.0300171e+02
 3.1000008e+01	 6.0300146e+02
 3.2000217e+01	 6.0300122e+02
 3.3000145e+01	 6.0300092e+02
 3.4000019e+01	 6.0300067e+02
 3.5000225e+01	 6.0300037e+02
 3.6000263e+01	 6.0300006e+02
 3.7000000e+01	 6.0299976e+02
 3.8000050e+01	 6.0299945e+02
 3.9000404e+01	 6.0299915e+02
 4.0000118e+01	 6.0299884e+02
 4.1000126e+01	 6.0299847e+02
 4.2000221e+01	 6.0299817e+02
 4.3000244e+01	 6.0299786e+02
 4.4000210e+01	 6.0299756e+02
 4.5000088e+01	 6.0299719e+02
 4.6000092e+01	 6.0299689e+02
 4.7000141e+01	 6.0299658e+02
 4.8000240e+01	 6.0299628e+02
 4.9000008e+01	 6.0299597e+02
 5.0000221e+01	 6.0299567e+02
 5.1000072e+01	 6.0299542e+02
 5.2000053e+01	 6.0299518e+02
 5.3000069e+01	 6.0299493e+02
 5.4000187e+01	 6.0299463e+02
 5.5000172e+01	 6.0299438e+02
 5.6000126e+01	 6.0299414e+02
 5.7000072e+01	 6.0299390e+02
 5.8000153e+01	 6.0299371e+02
 5.9000050e+01	 6.0299347e+02
 6.0000069e+01	 6.0299329e+02
 6.1000160e+01	 6.0299304e+02
 6.2000050e+01	 6.0299286e+02
 6.3000099e+01	 6.0299268e+02
 6.4000069e+01	 6.0299243e+02
 6.5000206e+01	 6.0299225e+02
 6.6000069e+01	 6.0299207e+02
 6.7000069e+01	 6.0299188e+02
 6.8000008e+01	 6.0299170e+02
 6.9000237e+01	 6.0299146e+02
 7.0000122e+01	 6.0299127e+02
 7.1000031e+01	 6.0299109e+02
 7.2000282e+01	 6.0299091e+02
 7.3000183e+01	 6.0299072e+02
 7.4000183e+01	 6.0299054e+02
 7.5000305e+01	 6.0299036e+02
 7.6000069e+01	 6.0299017e+02
 7.7000076e+01	 6.0299005e+02
 7.8000130e+01	 6.0298987e+02
 7.9000114e+01	 6.0298969e+02
 8.0000267e+01	 6.0298956e+02
 8.1000061e+01	 6.0298938e+02
 8.2000206e+01	 6.0298926e+02
 8.3000099e+01	 6.0298907e+02
 8.4000252e+01	 6.0298895e+02
 8.5000237e+01	 6.0298883e+02
 8.6000008e+01	 6.0298865e+02
 8.7000046e+01	 6.0298853e+02
 8.8000107e+01	 6.0298840e+02
 8.9000130e+01	 6.0298828e+02
 9.0000092e+01	 6.0298810e+02
 9.1000298e+01	 6.0298798e+02
 9.2000191e+01	 6.0298785e+02
 9.3000099e+01	 6.0298773e+02
 9.4000137e+01	 6.0298761e+02
 9.5000000e+01	 6.0298743e+02
 9.6000092e+01	 6.0298730e+02
 9.7000175e+01	 6.0298718e+02
 9.8000183e+01	 6.0298706e+02
 9.9000107e+01	 6.0298688e+02
 1.0000025e+02	 6.0298676e+02
 1.0100002e+02	 6.0298663e+02
 1.0200014e+02	 6.0298651e+02
 1.0300003e+02	 6.0298639e+02
 1.0400006e+02	 6.0298621e+02
 1.0500019e+02	 6.0298608e+02
 1.0600016e+02	 6.0298596e+02
 1.0700005e+02	 6.0298584e+02
 1.0800005e+02	 6.0298566e+02
 1.0900005e+02	 6.0298553e+02
 1.1000010e+02	 6.0298541e+02
 1.1100005e+02	 6.0298523e+02
 1.1200005e+02	 6.0298505e+02
 1.1300011e+02	 6.0298486e+02
 1.1400004e+02	 6.0298468e+02
 1.1500005e+02	 6.0298456e+02
 1.1600015e+02	 6.0298438e+02
 1.1700007e+02	 6.0298419e+02
 1.1800004e+02	 6.0298401e+02
 1.1900003e+02	 6.0298383e+02
 1.2000007e+02	 6.0298370e+02
 1.2100005e+02	 6.0298352e+02
 1.2200008e+02	 6.0298334e+02
 1.2300022e+02	 6.0298315e+02
 1.2400007e+02	 6.0298297e+02
 1.2500008e+02	 6.0298279e+02
 1.2600005e+02	 6.0298260e+02
 1.2700005e+02	 6.0298242e+02
 1.2800008e+02	 6.0298218e+02
 1.2900026e+02	 6.0298199e+02
 1.3000006e+02	 6.0298181e+02
 1.3100023e+02	 6.0298157e+02
 1.3200002e+02	 6.0298138e+02
 1.3300009e+02	 6.0298114e+02
 1.3400003e+02	 6.0298096e+02
 1.3500020e+02	 6.0298077e+02
 1.3600014e+02	 6.0298053e+02
 1.3700008e+02	 6.0298035e+02
 1.3800002e+02	 6.0298016e+02
 1.3900027e+02	 6.0297998e+02
 1.4000012e+02	 6.0297980e+02
 1.4100006e+02	 6.0297961e+02
 1.4200020e+02	 6.0297949e+02
 1.4300023e+02	 6.0297931e+02
 1.4400017e+02	 6.0297919e+02
 1.4500008e+02	 6.0297906e+02
 1.4600002e+02	 6.0297888e+02
 1.4700005e+02	 6.0297864e+02
 1.4800018e+02	 6.0297833e+02
 1.4900020e+02	 6.0297791e+02
 1.5000011e+02	 6.0297742e+02
 1.5100027e+02	 6.0297681e+02
 1.5200009e+02	 6.0297614e+02
 1.5300018e+02	 6.0297540e+02
 1.5400015e+02	 6.0297455e+02
 1.5500002e+02	 6.0297363e+02
 1.5600008e+02	 6.0297266e+02
 1.5700009e+02	 6.0297156e+02
 1.5800018e+02	 6.0297040e+02
 1.5900018e+02	 6.0296918e+02
 1.6000003e+02	 6.0296790e+02
 1.6100005e+02	 6.0296655e+02
 1.6200008e+02	 6.0296509e+02
 1.6300006e+02	 6.0296344e+02
 1.6400012e+02	 6.0296161e+02
 1.6410002e+02	 6.0298676e+02
 1.6420000e+02	 6.0297742e+02
 1.6430002e+02	 6.0307135e+02
 1.6440001e+02	 6.0346259e+02
 1.6450003e+02	 6.0411469e+02
 1.6460002e+02	 6.0488867e+02
 1.6470001e+02	 6.0562415e+02
 1.6480003e+02	 6.0507172e+02
 1.6490002e+02	 6.0503625e+02
 1.6500003e+02	 6.0528186e+02
 1.6510007e+02	 6.0361560e+02
 1.6520001e+02	 6.0371771e+02
 1.6530002e+02	 6.0408124e+02
 1.6540002e+02	 6.0436389e+02
 1.6550002e+02	 6.0448328e+02
 1.6560004e+02	 6.0452332e+02
 1.6570004e+02	 6.0447040e+02
 1.6580003e+02	 6.0450037e+02
 1.6590004e+02	 6.0456305e+02
 1.6600005e+02	 6.0461609e+02
 1.6610001e+02	 6.0462897e+02
 1.6620007e+02	 6.0463373e+02
 1.6630000e+02	 6.0465802e+02
 1.6640010e+02	 6.0469568e+02
 1.6650000e+02	 6.0472815e+02
 1.6660007e+02	 6.0476410e+02
 1.6670003e+02	 6.0480823e+02
 1.6680000e+02	 6.0484656e+02
 1.6690005e+02	 6.0487274e+02
 1.6700006e+02	 6.0488330e+02
 1.6710001e+02	 6.0488953e+02
 1.6720006e+02	 6.0489648e+02
 1.6730003e+02	 6.0490143e+02
 1.6740001e+02	 6.0490759e+02
 1.6750000e+02	 6.0491461e+02
 1.6760002e+02	 6.0491852e+02
 1.6770000e+02	 6.0492419e+02
 1.6780000e+02	 6.0492676e+02
 1.6790001e+02	 6.0492633e+02
 1.6800005e+02	 6.0492432e+02
 1.6810002e+02	 6.0492267e+02
 1.6820003e+02	 6.0492126e+02
 1.6830003e+02	 6.0491693e+02
 1.6840002e+02	 6.0491205e+02
 1.6850000e+02	 6.0490637e+02
 1.6860008e+02	 6.0489954e+02
 1.6870001e+02	 6.0489075e+02
 1.6880006e+02	 6.0487689e+02
 1.6890001e+02	 6.0486731e+02
 1.6900002e+02	 6.0485614e+02
 1.6910005e+02	 6.0485626e+02
 1.6920010e+02	 6.0485236e+02
 1.6930003e+02	 6.0484509e+02
 1.6940005e+02	 6.0484625e+02
 1.6950003e+02	 6.0484131e+02
 1.6960005e+02	 6.0483124e+02
 1.6970004e+02	 6.0482532e+02
 1.6980008e+02	 6.0482306e+02
 1.6990001e+02	 6.0482031e+02
 1.7000003e+02	 6.0481555e+02
