Time(s)	TLK1(41,72)
 0.0000000e+00	 5.0800000e+02
 1.0005618e+00	 5.0802618e+02
 2.0000894e+00	 5.2224988e+02
 3.0001235e+00	 5.1978992e+02
 4.0000744e+00	 5.1552643e+02
 5.0000405e+00	 5.1041229e+02
 6.0000234e+00	 5.0970651e+02
 7.0002379e+00	 5.1170676e+02
 8.0000887e+00	 5.1768488e+02
 9.0000124e+00	 5.1000537e+02
 1.0000108e+01	 5.2836725e+02
 1.1000061e+01	 5.4528741e+02
 1.2000055e+01	 5.5936151e+02
 1.3000238e+01	 5.6749677e+02
 1.4000112e+01	 5.6968512e+02
 1.5000147e+01	 5.6848322e+02
 1.6000036e+01	 5.7087720e+02
 1.7000031e+01	 5.4904053e+02
 1.8000051e+01	 5.5956085e+02
 1.9000219e+01	 5.6651648e+02
 2.0000223e+01	 5.6915332e+02
 2.1000031e+01	 5.6464929e+02
 2.2000093e+01	 5.9303961e+02
 2.3000038e+01	 5.9453979e+02
 2.4000010e+01	 5.1648633e+02
 2.5000067e+01	 5.3284869e+02
 2.6000111e+01	 5.4026575e+02
 2.7000292e+01	 5.4907849e+02
 2.8000111e+01	 5.5398572e+02
 2.9000072e+01	 5.5719183e+02
 3.0000034e+01	 5.6211261e+02
 3.1000008e+01	 5.6733740e+02
 3.2000217e+01	 5.9261609e+02
 3.3000145e+01	 5.4626923e+02
 3.4000019e+01	 5.5017267e+02
 3.5000225e+01	 5.5100903e+02
 3.6000263e+01	 5.9426367e+02
 3.7000000e+01	 5.6091193e+02
 3.8000050e+01	 5.4863312e+02
 3.9000404e+01	 5.8356158e+02
 4.0000118e+01	 5.9286206e+02
 4.1000126e+01	 5.9521014e+02
 4.2000221e+01	 5.6249060e+02
 4.3000244e+01	 5.6418744e+02
 4.4000210e+01	 5.6891193e+02
 4.5000088e+01	 5.7392932e+02
 4.6000092e+01	 5.9512518e+02
 4.7000141e+01	 5.6333374e+02
 4.8000240e+01	 5.6849719e+02
 4.9000008e+01	 5.7465234e+02
 5.0000221e+01	 5.7753076e+02
 5.1000072e+01	 5.8021240e+02
 5.2000053e+01	 5.8228284e+02
 5.3000069e+01	 5.6868658e+02
 5.4000187e+01	 5.7371265e+02
 5.5000172e+01	 5.8182318e+02
 5.6000126e+01	 5.8537769e+02
 5.7000072e+01	 5.8674042e+02
 5.8000153e+01	 5.8812628e+02
 5.9000050e+01	 5.9693781e+02
 6.0000069e+01	 5.7763147e+02
 6.1000160e+01	 5.8033716e+02
 6.2000050e+01	 5.8277966e+02
 6.3000099e+01	 5.8506940e+02
 6.4000069e+01	 5.8673981e+02
 6.5000206e+01	 5.8759760e+02
 6.6000069e+01	 5.8944513e+02
 6.7000069e+01	 5.7655786e+02
 6.8000008e+01	 5.7750330e+02
 6.9000237e+01	 5.7835620e+02
 7.0000122e+01	 5.7889136e+02
 7.1000031e+01	 5.8040894e+02
 7.2000282e+01	 5.8088953e+02
 7.3000183e+01	 5.8155060e+02
 7.4000183e+01	 5.8204108e+02
 7.5000305e+01	 5.8262073e+02
 7.6000069e+01	 5.8303430e+02
 7.7000076e+01	 5.8345990e+02
 7.8000130e+01	 5.8425769e+02
 7.9000114e+01	 5.8467010e+02
 8.0000267e+01	 5.8549756e+02
 8.1000061e+01	 5.8558398e+02
 8.2000206e+01	 5.8563953e+02
 8.3000099e+01	 5.8570532e+02
 8.4000252e+01	 5.8575244e+02
 8.5000237e+01	 5.8578583e+02
 8.6000008e+01	 5.8581641e+02
 8.7000046e+01	 5.8584589e+02
 8.8000107e+01	 5.8603760e+02
 8.9000130e+01	 5.8586865e+02
 9.0000092e+01	 5.8659949e+02
 9.1000298e+01	 5.8751208e+02
 9.2000191e+01	 5.8832428e+02
 9.3000099e+01	 5.8870654e+02
 9.4000137e+01	 5.9317010e+02
 9.5000000e+01	 5.9480731e+02
 9.6000092e+01	 5.9513995e+02
 9.7000175e+01	 5.9562433e+02
 9.8000183e+01	 5.9630090e+02
 9.9000107e+01	 5.9679852e+02
 1.0000025e+02	 5.9581085e+02
 1.0100002e+02	 5.9076910e+02
 1.0200014e+02	 5.9190729e+02
 1.0300003e+02	 5.9213934e+02
 1.0400006e+02	 5.9263525e+02
 1.0500019e+02	 5.9286090e+02
 1.0600016e+02	 5.9313843e+02
 1.0700005e+02	 5.9252576e+02
 1.0800005e+02	 5.9413477e+02
 1.0900005e+02	 5.9342548e+02
 1.1000010e+02	 5.9347821e+02
 1.1100005e+02	 5.9349713e+02
 1.1200005e+02	 5.9352271e+02
 1.1300011e+02	 5.9861938e+02
 1.1400004e+02	 5.9626752e+02
 1.1500005e+02	 5.9463153e+02
 1.1600015e+02	 5.9341919e+02
 1.1700007e+02	 5.9329089e+02
 1.1800004e+02	 5.9334332e+02
 1.1900003e+02	 5.9338269e+02
 1.2000007e+02	 5.9340564e+02
 1.2100005e+02	 5.9343427e+02
 1.2200008e+02	 5.9346948e+02
 1.2300022e+02	 5.9351343e+02
 1.2400007e+02	 5.9355988e+02
 1.2500008e+02	 6.0090741e+02
 1.2600005e+02	 5.9416388e+02
 1.2700005e+02	 5.9597455e+02
 1.2800008e+02	 5.9601337e+02
 1.2900026e+02	 5.9707513e+02
 1.3000006e+02	 6.0113275e+02
 1.3100023e+02	 5.9599933e+02
 1.3200002e+02	 5.9655273e+02
 1.3300009e+02	 5.9734314e+02
 1.3400003e+02	 5.9762244e+02
 1.3500020e+02	 5.9768823e+02
 1.3600014e+02	 5.9599542e+02
 1.3700008e+02	 5.9612128e+02
 1.3800002e+02	 5.9619702e+02
 1.3900027e+02	 5.9612964e+02
 1.4000012e+02	 5.9662933e+02
 1.4100006e+02	 5.9386810e+02
 1.4200020e+02	 5.9846234e+02
 1.4300023e+02	 5.9829382e+02
 1.4400017e+02	 5.9809680e+02
 1.4500008e+02	 5.9808838e+02
 1.4600002e+02	 5.9809607e+02
 1.4700005e+02	 5.9809564e+02
 1.4800018e+02	 5.9802087e+02
 1.4900020e+02	 5.9802026e+02
 1.5000011e+02	 5.9801953e+02
 1.5100027e+02	 5.9394958e+02
 1.5200009e+02	 5.9802356e+02
 1.5300018e+02	 5.9778485e+02
 1.5400015e+02	 5.9779248e+02
 1.5500002e+02	 5.9752448e+02
 1.5600008e+02	 5.9603418e+02
 1.5700009e+02	 5.9699310e+02
 1.5800018e+02	 5.9696582e+02
 1.5900018e+02	 5.9699915e+02
 1.6000003e+02	 5.9697144e+02
 1.6100005e+02	 5.9691577e+02
 1.6200008e+02	 5.9650562e+02
 1.6300006e+02	 5.9649554e+02
 1.6400012e+02	 5.9644543e+02
 1.6410002e+02	 5.9681348e+02
 1.6420000e+02	 5.9766742e+02
 1.6430002e+02	 5.9747986e+02
 1.6440001e+02	 5.9699756e+02
 1.6450003e+02	 5.9690973e+02
 1.6460002e+02	 5.9685797e+02
 1.6470001e+02	 5.9691034e+02
 1.6480003e+02	 5.9688739e+02
 1.6490002e+02	 5.9689716e+02
 1.6500003e+02	 5.9700946e+02
 1.6510007e+02	 5.9705737e+02
 1.6520001e+02	 5.9701459e+02
 1.6530002e+02	 5.9700616e+02
 1.6540002e+02	 5.9632623e+02
 1.6550002e+02	 5.9685571e+02
 1.6560004e+02	 5.9653418e+02
 1.6570004e+02	 5.9638507e+02
 1.6580003e+02	 5.9648340e+02
 1.6590004e+02	 5.9644092e+02
 1.6600005e+02	 5.9645233e+02
 1.6610001e+02	 5.9656805e+02
 1.6620007e+02	 5.9657104e+02
 1.6630000e+02	 5.9655029e+02
 1.6640010e+02	 5.9647644e+02
 1.6650000e+02	 5.9643939e+02
 1.6660007e+02	 5.9631061e+02
 1.6670003e+02	 5.9595197e+02
 1.6680000e+02	 5.9643933e+02
 1.6690005e+02	 5.9661169e+02
 1.6700006e+02	 5.9598248e+02
 1.6710001e+02	 5.9589526e+02
 1.6720006e+02	 5.9817261e+02
 1.6730003e+02	 6.7471448e+02
 1.6740001e+02	 6.8866101e+02
 1.6750000e+02	 7.0195441e+02
 1.6760002e+02	 6.9290753e+02
 1.6770000e+02	 6.2906665e+02
 1.6780000e+02	 6.5968170e+02
 1.6790001e+02	 6.3787872e+02
 1.6800005e+02	 6.8466003e+02
 1.6810002e+02	 6.6892035e+02
 1.6820003e+02	 6.3112091e+02
 1.6830003e+02	 6.6776172e+02
 1.6840002e+02	 6.2586151e+02
 1.6850000e+02	 7.0749127e+02
 1.6860008e+02	 7.0767932e+02
 1.6870001e+02	 6.8952362e+02
 1.6880006e+02	 6.3695129e+02
 1.6890001e+02	 6.6739435e+02
 1.6900002e+02	 6.8421405e+02
 1.6910005e+02	 7.1245001e+02
 1.6920010e+02	 7.4292181e+02
 1.6930003e+02	 7.3869788e+02
 1.6940005e+02	 7.0586688e+02
 1.6950003e+02	 6.7516522e+02
 1.6960005e+02	 6.5358606e+02
 1.6970004e+02	 6.3954156e+02
 1.6980008e+02	 6.3057251e+02
 1.6990001e+02	 6.2479388e+02
 1.7000003e+02	 6.3031818e+02
