Time(s)	TLK1(28,51)
 0.0000000e+00	 6.0300000e+02
 1.0005618e+00	 6.0300000e+02
 2.0000894e+00	 6.0300000e+02
 3.0001235e+00	 6.0300000e+02
 4.0000744e+00	 6.0300000e+02
 5.0000405e+00	 6.0300000e+02
 6.0000234e+00	 6.0300000e+02
 7.0002379e+00	 6.0300000e+02
 8.0000887e+00	 6.0300000e+02
 9.0000124e+00	 6.0299994e+02
 1.0000108e+01	 6.0299994e+02
 1.1000061e+01	 6.0299994e+02
 1.2000055e+01	 6.0299994e+02
 1.3000238e+01	 6.0299988e+02
 1.4000112e+01	 6.0299988e+02
 1.5000147e+01	 6.0299988e+02
 1.6000036e+01	 6.0299982e+02
 1.7000031e+01	 6.0299982e+02
 1.8000051e+01	 6.0299976e+02
 1.9000219e+01	 6.0299976e+02
 2.0000223e+01	 6.0299976e+02
 2.1000031e+01	 6.0299976e+02
 2.2000093e+01	 6.0299969e+02
 2.3000038e+01	 6.0299969e+02
 2.4000010e+01	 6.0299963e+02
 2.5000067e+01	 6.0299957e+02
 2.6000111e+01	 6.0299951e+02
 2.7000292e+01	 6.0299945e+02
 2.8000111e+01	 6.0299939e+02
 2.9000072e+01	 6.0299933e+02
 3.0000034e+01	 6.0299927e+02
 3.1000008e+01	 6.0299921e+02
 3.2000217e+01	 6.0299915e+02
 3.3000145e+01	 6.0299908e+02
 3.4000019e+01	 6.0299902e+02
 3.5000225e+01	 6.0299896e+02
 3.6000263e+01	 6.0299890e+02
 3.7000000e+01	 6.0299884e+02
 3.8000050e+01	 6.0299878e+02
 3.9000404e+01	 6.0299872e+02
 4.0000118e+01	 6.0299866e+02
 4.1000126e+01	 6.0299860e+02
 4.2000221e+01	 6.0299854e+02
 4.3000244e+01	 6.0299847e+02
 4.4000210e+01	 6.0299835e+02
 4.5000088e+01	 6.0299823e+02
 4.6000092e+01	 6.0299811e+02
 4.7000141e+01	 6.0299799e+02
 4.8000240e+01	 6.0299786e+02
 4.9000008e+01	 6.0299774e+02
 5.0000221e+01	 6.0299762e+02
 5.1000072e+01	 6.0299750e+02
 5.2000053e+01	 6.0299738e+02
 5.3000069e+01	 6.0299725e+02
 5.4000187e+01	 6.0299713e+02
 5.5000172e+01	 6.0299701e+02
 5.6000126e+01	 6.0299689e+02
 5.7000072e+01	 6.0299677e+02
 5.8000153e+01	 6.0299658e+02
 5.9000050e+01	 6.0299646e+02
 6.0000069e+01	 6.0299634e+02
 6.1000160e+01	 6.0299615e+02
 6.2000050e+01	 6.0299603e+02
 6.3000099e+01	 6.0299591e+02
 6.4000069e+01	 6.0299579e+02
 6.5000206e+01	 6.0299567e+02
 6.6000069e+01	 6.0299554e+02
 6.7000069e+01	 6.0299542e+02
 6.8000008e+01	 6.0299524e+02
 6.9000237e+01	 6.0299512e+02
 7.0000122e+01	 6.0299500e+02
 7.1000031e+01	 6.0299487e+02
 7.2000282e+01	 6.0299475e+02
 7.3000183e+01	 6.0299457e+02
 7.4000183e+01	 6.0299445e+02
 7.5000305e+01	 6.0299432e+02
 7.6000069e+01	 6.0299414e+02
 7.7000076e+01	 6.0299402e+02
 7.8000130e+01	 6.0299384e+02
 7.9000114e+01	 6.0299371e+02
 8.0000267e+01	 6.0299353e+02
 8.1000061e+01	 6.0299341e+02
 8.2000206e+01	 6.0299323e+02
 8.3000099e+01	 6.0299310e+02
 8.4000252e+01	 6.0299292e+02
 8.5000237e+01	 6.0299280e+02
 8.6000008e+01	 6.0299261e+02
 8.7000046e+01	 6.0299249e+02
 8.8000107e+01	 6.0299231e+02
 8.9000130e+01	 6.0299219e+02
 9.0000092e+01	 6.0299207e+02
 9.1000298e+01	 6.0299188e+02
 9.2000191e+01	 6.0299176e+02
 9.3000099e+01	 6.0299164e+02
 9.4000137e+01	 6.0299146e+02
 9.5000000e+01	 6.0299133e+02
 9.6000092e+01	 6.0299121e+02
 9.7000175e+01	 6.0299109e+02
 9.8000183e+01	 6.0299097e+02
 9.9000107e+01	 6.0299078e+02
 1.0000025e+02	 6.0299066e+02
 1.0100002e+02	 6.0299054e+02
 1.0200014e+02	 6.0299042e+02
 1.0300003e+02	 6.0299030e+02
 1.0400006e+02	 6.0299017e+02
 1.0500019e+02	 6.0299005e+02
 1.0600016e+02	 6.0298993e+02
 1.0700005e+02	 6.0298981e+02
 1.0800005e+02	 6.0298962e+02
 1.0900005e+02	 6.0298950e+02
 1.1000010e+02	 6.0298938e+02
 1.1100005e+02	 6.0298926e+02
 1.1200005e+02	 6.0298914e+02
 1.1300011e+02	 6.0298907e+02
 1.1400004e+02	 6.0298895e+02
 1.1500005e+02	 6.0298883e+02
 1.1600015e+02	 6.0298871e+02
 1.1700007e+02	 6.0298859e+02
 1.1800004e+02	 6.0298846e+02
 1.1900003e+02	 6.0298834e+02
 1.2000007e+02	 6.0298822e+02
 1.2100005e+02	 6.0298810e+02
 1.2200008e+02	 6.0298798e+02
 1.2300022e+02	 6.0298779e+02
 1.2400007e+02	 6.0298767e+02
 1.2500008e+02	 6.0298755e+02
 1.2600005e+02	 6.0298743e+02
 1.2700005e+02	 6.0298724e+02
 1.2800008e+02	 6.0298712e+02
 1.2900026e+02	 6.0298700e+02
 1.3000006e+02	 6.0298688e+02
 1.3100023e+02	 6.0298676e+02
 1.3200002e+02	 6.0298663e+02
 1.3300009e+02	 6.0298651e+02
 1.3400003e+02	 6.0298639e+02
 1.3500020e+02	 6.0298627e+02
 1.3600014e+02	 6.0298615e+02
 1.3700008e+02	 6.0298602e+02
 1.3800002e+02	 6.0298590e+02
 1.3900027e+02	 6.0298578e+02
 1.4000012e+02	 6.0298566e+02
 1.4100006e+02	 6.0298553e+02
 1.4200020e+02	 6.0298541e+02
 1.4300023e+02	 6.0298535e+02
 1.4400017e+02	 6.0298523e+02
 1.4500008e+02	 6.0298517e+02
 1.4600002e+02	 6.0298505e+02
 1.4700005e+02	 6.0298499e+02
 1.4800018e+02	 6.0298492e+02
 1.4900020e+02	 6.0298486e+02
 1.5000011e+02	 6.0298480e+02
 1.5100027e+02	 6.0298474e+02
 1.5200009e+02	 6.0298474e+02
 1.5300018e+02	 6.0298468e+02
 1.5400015e+02	 6.0298462e+02
 1.5500002e+02	 6.0298462e+02
 1.5600008e+02	 6.0298456e+02
 1.5700009e+02	 6.0298456e+02
 1.5800018e+02	 6.0298450e+02
 1.5900018e+02	 6.0298450e+02
 1.6000003e+02	 6.0298450e+02
 1.6100005e+02	 6.0298450e+02
 1.6200008e+02	 6.0298450e+02
 1.6300006e+02	 6.0298444e+02
 1.6400012e+02	 6.0298444e+02
 1.6410002e+02	 5.8582965e+02
 1.6420000e+02	 6.0674365e+02
 1.6430002e+02	 6.0425940e+02
 1.6440001e+02	 6.0377771e+02
 1.6450003e+02	 6.0378461e+02
 1.6460002e+02	 6.0355450e+02
 1.6470001e+02	 6.0337683e+02
 1.6480003e+02	 6.0324316e+02
 1.6490002e+02	 6.0320825e+02
 1.6500003e+02	 6.0319769e+02
 1.6510007e+02	 6.0319336e+02
 1.6520001e+02	 6.0318640e+02
 1.6530002e+02	 6.0317957e+02
 1.6540002e+02	 6.0317902e+02
 1.6550002e+02	 6.0317767e+02
 1.6560004e+02	 6.0316772e+02
 1.6570004e+02	 6.0315967e+02
 1.6580003e+02	 6.0315210e+02
 1.6590004e+02	 6.0314435e+02
 1.6600005e+02	 6.0314008e+02
 1.6610001e+02	 6.0313654e+02
 1.6620007e+02	 6.0313483e+02
 1.6630000e+02	 6.0313495e+02
 1.6640010e+02	 6.0313336e+02
 1.6650000e+02	 6.0313000e+02
 1.6660007e+02	 6.0312463e+02
 1.6670003e+02	 6.0311865e+02
 1.6680000e+02	 6.0311383e+02
 1.6690005e+02	 6.0310938e+02
 1.6700006e+02	 6.0310632e+02
 1.6710001e+02	 6.0310321e+02
 1.6720006e+02	 6.0310181e+02
 1.6730003e+02	 6.0309814e+02
 1.6740001e+02	 6.0309552e+02
 1.6750000e+02	 6.0309442e+02
 1.6760002e+02	 6.0309204e+02
 1.6770000e+02	 6.0309021e+02
 1.6780000e+02	 6.0308679e+02
 1.6790001e+02	 6.0308398e+02
 1.6800005e+02	 6.0308173e+02
 1.6810002e+02	 6.0308087e+02
 1.6820003e+02	 6.0307971e+02
 1.6830003e+02	 6.0307855e+02
 1.6840002e+02	 6.0307709e+02
 1.6850000e+02	 6.0307532e+02
 1.6860008e+02	 6.0307349e+02
 1.6870001e+02	 6.0307172e+02
 1.6880006e+02	 6.0306995e+02
 1.6890001e+02	 6.0306848e+02
 1.6900002e+02	 6.0306720e+02
 1.6910005e+02	 6.0306610e+02
 1.6920010e+02	 6.0306506e+02
 1.6930003e+02	 6.0306396e+02
 1.6940005e+02	 6.0306293e+02
 1.6950003e+02	 6.0306183e+02
 1.6960005e+02	 6.0306079e+02
 1.6970004e+02	 6.0305981e+02
 1.6980008e+02	 6.0305896e+02
 1.6990001e+02	 6.0305817e+02
 1.7000003e+02	 6.0305750e+02
