Time(s)	TLK3(3,40)	TLK3(4,40)	TLK3(5,40)
 0.0000000e+00	 2.7316000e+02	 2.7316135e+02	 2.7316135e+02
 1.0005618e+00	 5.6315570e+02	 2.7316000e+02	 2.7316000e+02
 2.0000894e+00	 5.6328351e+02	 2.7316000e+02	 2.7316000e+02
 3.0001235e+00	 5.6322125e+02	 2.7316000e+02	 2.7316000e+02
 4.0000744e+00	 5.6299707e+02	 2.7316000e+02	 2.7316000e+02
 5.0000405e+00	 5.6304034e+02	 2.7316000e+02	 2.7316000e+02
 6.0000234e+00	 5.6329553e+02	 2.7316000e+02	 2.7316000e+02
 7.0002379e+00	 5.6302954e+02	 2.7316000e+02	 2.7316000e+02
 8.0000887e+00	 5.6339258e+02	 2.7316000e+02	 2.7316000e+02
 9.0000124e+00	 5.6381818e+02	 2.7316000e+02	 2.7316000e+02
 1.0000108e+01	 5.6378058e+02	 2.7316000e+02	 2.7316000e+02
 1.1000061e+01	 5.6399084e+02	 2.7316000e+02	 2.7316000e+02
 1.2000055e+01	 5.6429053e+02	 2.7316000e+02	 2.7316000e+02
 1.3000238e+01	 5.6451715e+02	 2.7316000e+02	 2.7316000e+02
 1.4000112e+01	 5.6477295e+02	 2.7316000e+02	 2.7316000e+02
 1.5000147e+01	 5.6515692e+02	 2.7316000e+02	 2.7316000e+02
 1.6000036e+01	 5.6502625e+02	 2.7316000e+02	 2.7316000e+02
 1.7000031e+01	 5.6516742e+02	 2.7316000e+02	 2.7316000e+02
 1.8000051e+01	 5.6540417e+02	 2.7316000e+02	 2.7316000e+02
 1.9000219e+01	 5.6548785e+02	 2.7316000e+02	 2.7316000e+02
 2.0000223e+01	 5.6555121e+02	 2.7316000e+02	 2.7316000e+02
 2.1000031e+01	 5.6555737e+02	 2.7316000e+02	 2.7316000e+02
 2.2000093e+01	 5.6554333e+02	 2.7316000e+02	 2.7316000e+02
 2.3000038e+01	 5.6552679e+02	 2.7316000e+02	 2.7316000e+02
 2.4000010e+01	 5.6550861e+02	 2.7316000e+02	 2.7316000e+02
 2.5000067e+01	 5.6548944e+02	 2.7316000e+02	 2.7316000e+02
 2.6000111e+01	 5.6546295e+02	 2.7316000e+02	 2.7316000e+02
 2.7000292e+01	 5.6519031e+02	 2.7316000e+02	 2.7316000e+02
 2.8000111e+01	 5.6445905e+02	 2.7316000e+02	 2.7316000e+02
 2.9000072e+01	 5.6397174e+02	 2.7316000e+02	 2.7316000e+02
 3.0000034e+01	 5.6392596e+02	 2.7316000e+02	 2.7316000e+02
 3.1000008e+01	 5.6395325e+02	 2.7316000e+02	 2.7316000e+02
 3.2000217e+01	 5.6394489e+02	 2.7316000e+02	 2.7316000e+02
 3.3000145e+01	 5.6398993e+02	 2.7316000e+02	 2.7316000e+02
 3.4000019e+01	 5.6401801e+02	 2.7316000e+02	 2.7316000e+02
 3.5000225e+01	 5.6402319e+02	 2.7316000e+02	 2.7316000e+02
 3.6000263e+01	 5.6401099e+02	 2.7316000e+02	 2.7316000e+02
 3.7000000e+01	 5.6399121e+02	 2.7316000e+02	 2.7316000e+02
 3.8000050e+01	 5.6396661e+02	 2.7316000e+02	 2.7316000e+02
 3.9000404e+01	 5.6396161e+02	 2.7316000e+02	 2.7316000e+02
 4.0000118e+01	 5.6386633e+02	 2.7316000e+02	 2.7316000e+02
 4.1000126e+01	 5.6386609e+02	 2.7316000e+02	 2.7316000e+02
 4.2000221e+01	 5.6387177e+02	 2.7316000e+02	 2.7316000e+02
 4.3000244e+01	 5.6388098e+02	 2.7316000e+02	 2.7316000e+02
 4.4000210e+01	 5.6389117e+02	 2.7316000e+02	 2.7316000e+02
 4.5000088e+01	 5.6389874e+02	 2.7316000e+02	 2.7316000e+02
 4.6000092e+01	 5.6390527e+02	 2.7316000e+02	 2.7316000e+02
 4.7000141e+01	 5.6390961e+02	 2.7316000e+02	 2.7316000e+02
 4.8000240e+01	 5.6391119e+02	 2.7316000e+02	 2.7316000e+02
 4.9000008e+01	 5.6391034e+02	 2.7316000e+02	 2.7316000e+02
 5.0000221e+01	 5.6390765e+02	 2.7316000e+02	 2.7316000e+02
 5.1000072e+01	 5.6390393e+02	 2.7316000e+02	 2.7316000e+02
 5.2000053e+01	 5.6389990e+02	 2.7316000e+02	 2.7316000e+02
 5.3000069e+01	 5.6389600e+02	 2.7316000e+02	 2.7316000e+02
 5.4000187e+01	 5.6389294e+02	 2.7316000e+02	 2.7316000e+02
 5.5000172e+01	 5.6389087e+02	 2.7316000e+02	 2.7316000e+02
 5.6000126e+01	 5.6389038e+02	 2.7316000e+02	 2.7316000e+02
 5.7000072e+01	 5.6389197e+02	 2.7316000e+02	 2.7316000e+02
 5.8000153e+01	 5.6389557e+02	 2.7316000e+02	 2.7316000e+02
 5.9000050e+01	 5.6390082e+02	 2.7316000e+02	 2.7316000e+02
 6.0000069e+01	 5.6390753e+02	 2.7316000e+02	 2.7316000e+02
 6.1000160e+01	 5.6391522e+02	 2.7316000e+02	 2.7316000e+02
 6.2000050e+01	 5.6392328e+02	 2.7316000e+02	 2.7316000e+02
 6.3000099e+01	 5.6393164e+02	 2.7316000e+02	 2.7316000e+02
 6.4000069e+01	 5.6393982e+02	 2.7316000e+02	 2.7316000e+02
 6.5000206e+01	 5.6394775e+02	 2.7316000e+02	 2.7316000e+02
 6.6000069e+01	 5.6395532e+02	 2.7316000e+02	 2.7316000e+02
 6.7000069e+01	 5.6396210e+02	 2.7316000e+02	 2.7316000e+02
 6.8000008e+01	 5.6396741e+02	 2.7316000e+02	 2.7316000e+02
 6.9000237e+01	 5.6397260e+02	 2.7316000e+02	 2.7316000e+02
 7.0000122e+01	 5.6397803e+02	 2.7316000e+02	 2.7316000e+02
 7.1000031e+01	 5.6398346e+02	 2.7316000e+02	 2.7316000e+02
 7.2000282e+01	 5.6398920e+02	 2.7316000e+02	 2.7316000e+02
 7.3000183e+01	 5.6399359e+02	 2.7316000e+02	 2.7316000e+02
 7.4000183e+01	 5.6399817e+02	 2.7316000e+02	 2.7316000e+02
 7.5000305e+01	 5.6400256e+02	 2.7316000e+02	 2.7316000e+02
 7.6000069e+01	 5.6400366e+02	 2.7316000e+02	 2.7316000e+02
 7.7000076e+01	 5.6400470e+02	 2.7316000e+02	 2.7316000e+02
 7.8000130e+01	 5.6400574e+02	 2.7316000e+02	 2.7316000e+02
 7.9000114e+01	 5.6400586e+02	 2.7316000e+02	 2.7316000e+02
 8.0000267e+01	 5.6400568e+02	 2.7316000e+02	 2.7316000e+02
 8.1000061e+01	 5.6400562e+02	 2.7316000e+02	 2.7316000e+02
 8.2000206e+01	 5.6400574e+02	 2.7316000e+02	 2.7316000e+02
 8.3000099e+01	 5.6400629e+02	 2.7316000e+02	 2.7316000e+02
 8.4000252e+01	 5.6400769e+02	 2.7316000e+02	 2.7316000e+02
 8.5000237e+01	 5.6400946e+02	 2.7316000e+02	 2.7316000e+02
 8.6000008e+01	 5.6401147e+02	 2.7316000e+02	 2.7316000e+02
 8.7000046e+01	 5.6401379e+02	 2.7316000e+02	 2.7316000e+02
 8.8000107e+01	 5.6401569e+02	 2.7316000e+02	 2.7316000e+02
 8.9000130e+01	 5.6401721e+02	 2.7316000e+02	 2.7316000e+02
 9.0000092e+01	 5.6401794e+02	 2.7316000e+02	 2.7316000e+02
 9.1000298e+01	 5.6401752e+02	 2.7316000e+02	 2.7316000e+02
 9.2000191e+01	 5.6401636e+02	 2.7316000e+02	 2.7316000e+02
 9.3000099e+01	 5.6401123e+02	 2.7316000e+02	 2.7316000e+02
 9.4000137e+01	 5.6400806e+02	 2.7316000e+02	 2.7316000e+02
 9.5000000e+01	 5.6400549e+02	 2.7316000e+02	 2.7316000e+02
 9.6000092e+01	 5.6400348e+02	 2.7316000e+02	 2.7316000e+02
 9.7000175e+01	 5.6400220e+02	 2.7316000e+02	 2.7316000e+02
 9.8000183e+01	 5.6400146e+02	 2.7316000e+02	 2.7316000e+02
 9.9000107e+01	 5.6400116e+02	 2.7316000e+02	 2.7316000e+02
 1.0000025e+02	 5.6400110e+02	 2.7316000e+02	 2.7316000e+02
 1.0100002e+02	 5.6400073e+02	 2.7316000e+02	 2.7316000e+02
 1.0200014e+02	 5.6400024e+02	 2.7316000e+02	 2.7316000e+02
 1.0300003e+02	 5.6399939e+02	 2.7316000e+02	 2.7316000e+02
 1.0400006e+02	 5.6399829e+02	 2.7316000e+02	 2.7316000e+02
 1.0500019e+02	 5.6399634e+02	 2.7316000e+02	 2.7316000e+02
 1.0600016e+02	 5.6399420e+02	 2.7316000e+02	 2.7316000e+02
 1.0700005e+02	 5.6399249e+02	 2.7316000e+02	 2.7316000e+02
 1.0800005e+02	 5.6399023e+02	 2.7316000e+02	 2.7316000e+02
 1.0900005e+02	 5.6398798e+02	 2.7316000e+02	 2.7316000e+02
 1.1000010e+02	 5.6398590e+02	 2.7316000e+02	 2.7316000e+02
 1.1100005e+02	 5.6398413e+02	 2.7316000e+02	 2.7316000e+02
 1.1200005e+02	 5.6398242e+02	 2.7316000e+02	 2.7316000e+02
 1.1300011e+02	 5.6398090e+02	 2.7316000e+02	 2.7316000e+02
 1.1400004e+02	 5.6397961e+02	 2.7316000e+02	 2.7316000e+02
 1.1500005e+02	 5.6397864e+02	 2.7316000e+02	 2.7316000e+02
 1.1600015e+02	 5.6397778e+02	 2.7316000e+02	 2.7316000e+02
 1.1700007e+02	 5.6397711e+02	 2.7316000e+02	 2.7316000e+02
 1.1800004e+02	 5.6397693e+02	 2.7316000e+02	 2.7316000e+02
 1.1900003e+02	 5.6397693e+02	 2.7316000e+02	 2.7316000e+02
 1.2000007e+02	 5.6397742e+02	 2.7316000e+02	 2.7316000e+02
 1.2100005e+02	 5.6397778e+02	 2.7316000e+02	 2.7316000e+02
 1.2200008e+02	 5.6397852e+02	 2.7316000e+02	 2.7316000e+02
 1.2300022e+02	 5.6397943e+02	 2.7316000e+02	 2.7316000e+02
 1.2400007e+02	 5.6398065e+02	 2.7316000e+02	 2.7316000e+02
 1.2500008e+02	 5.6398224e+02	 2.7316000e+02	 2.7316000e+02
 1.2600005e+02	 5.6398370e+02	 2.7316000e+02	 2.7316000e+02
 1.2700005e+02	 5.6398535e+02	 2.7316000e+02	 2.7316000e+02
 1.2800008e+02	 5.6398724e+02	 2.7316000e+02	 2.7316000e+02
 1.2900026e+02	 5.6398962e+02	 2.7316000e+02	 2.7316000e+02
 1.3000006e+02	 5.6399176e+02	 2.7316000e+02	 2.7316000e+02
 1.3100023e+02	 5.6399396e+02	 2.7316000e+02	 2.7316000e+02
 1.3200002e+02	 5.6399640e+02	 2.7316000e+02	 2.7316000e+02
 1.3300009e+02	 5.6399890e+02	 2.7316000e+02	 2.7316000e+02
 1.3400003e+02	 5.6400171e+02	 2.7316000e+02	 2.7316000e+02
 1.3500020e+02	 5.6400439e+02	 2.7316000e+02	 2.7316000e+02
 1.3600014e+02	 5.6400751e+02	 2.7316000e+02	 2.7316000e+02
 1.3700008e+02	 5.6401025e+02	 2.7316000e+02	 2.7316000e+02
 1.3800002e+02	 5.6401300e+02	 2.7316000e+02	 2.7316000e+02
 1.3900027e+02	 5.6401599e+02	 2.7316000e+02	 2.7316000e+02
 1.4000012e+02	 5.6401868e+02	 2.7316000e+02	 2.7316000e+02
 1.4100006e+02	 5.6402173e+02	 2.7316000e+02	 2.7316000e+02
 1.4200020e+02	 5.6402454e+02	 2.7316000e+02	 2.7316000e+02
 1.4300023e+02	 5.6402716e+02	 2.7316000e+02	 2.7316000e+02
 1.4400017e+02	 5.6403021e+02	 2.7316000e+02	 2.7316000e+02
 1.4500008e+02	 5.6403278e+02	 2.7316000e+02	 2.7316000e+02
 1.4600002e+02	 5.6403522e+02	 2.7316000e+02	 2.7316000e+02
 1.4700005e+02	 5.6403796e+02	 2.7316000e+02	 2.7316000e+02
 1.4800018e+02	 5.6404077e+02	 2.7316000e+02	 2.7316000e+02
 1.4900020e+02	 5.6404419e+02	 2.7316000e+02	 2.7316000e+02
 1.5000011e+02	 5.6404694e+02	 2.7316000e+02	 2.7316000e+02
 1.5100027e+02	 5.6404956e+02	 2.7316000e+02	 2.7316000e+02
 1.5200009e+02	 5.6405219e+02	 2.7316000e+02	 2.7316000e+02
 1.5300018e+02	 5.6405444e+02	 2.7316000e+02	 2.7316000e+02
 1.5400015e+02	 5.6405682e+02	 2.7316000e+02	 2.7316000e+02
 1.5500002e+02	 5.6405872e+02	 2.7316000e+02	 2.7316000e+02
 1.5600008e+02	 5.6406091e+02	 2.7316000e+02	 2.7316000e+02
 1.5700009e+02	 5.6406268e+02	 2.7316000e+02	 2.7316000e+02
 1.5800018e+02	 5.6406445e+02	 2.7316000e+02	 2.7316000e+02
 1.5900018e+02	 5.6406616e+02	 2.7316000e+02	 2.7316000e+02
 1.6000003e+02	 5.6406781e+02	 2.7316000e+02	 2.7316000e+02
 1.6100005e+02	 5.6406940e+02	 2.7316000e+02	 2.7316000e+02
 1.6200008e+02	 5.6407062e+02	 2.7316000e+02	 2.7316000e+02
 1.6300006e+02	 5.6407202e+02	 2.7316000e+02	 2.7316000e+02
 1.6400012e+02	 5.6407336e+02	 2.7316000e+02	 2.7316000e+02
 1.6410002e+02	 5.2727527e+02	 2.7316000e+02	 2.7316000e+02
 1.6420000e+02	 4.9320831e+02	 2.7316000e+02	 2.7316000e+02
 1.6430002e+02	 4.2812671e+02	 2.7316000e+02	 2.7316000e+02
 1.6440001e+02	 4.2724243e+02	 2.7316000e+02	 2.7316000e+02
 1.6450003e+02	 4.2971869e+02	 2.7316000e+02	 2.7316000e+02
 1.6460002e+02	 4.3162500e+02	 2.7316000e+02	 2.7316000e+02
 1.6470001e+02	 4.3300348e+02	 2.7316000e+02	 2.7316000e+02
 1.6480003e+02	 4.3156253e+02	 2.7316000e+02	 2.7316000e+02
 1.6490002e+02	 4.3044409e+02	 2.7316000e+02	 2.7316000e+02
 1.6500003e+02	 4.2743445e+02	 2.7316000e+02	 2.7316000e+02
 1.6510007e+02	 4.2484930e+02	 2.7316000e+02	 2.7316000e+02
 1.6520001e+02	 4.1850381e+02	 2.7316000e+02	 2.7316000e+02
 1.6530002e+02	 4.2350641e+02	 2.7316000e+02	 2.7316000e+02
 1.6540002e+02	 4.4180969e+02	 2.7316000e+02	 2.7316000e+02
 1.6550002e+02	 4.3193738e+02	 2.7316000e+02	 2.7316000e+02
 1.6560004e+02	 4.3311984e+02	 2.7316000e+02	 2.7316000e+02
 1.6570004e+02	 4.3283987e+02	 2.7316000e+02	 2.7316000e+02
 1.6580003e+02	 4.3341345e+02	 2.7316000e+02	 2.7316000e+02
 1.6590004e+02	 4.3443155e+02	 2.7316000e+02	 2.7316000e+02
 1.6600005e+02	 4.2894421e+02	 2.7316000e+02	 2.7316000e+02
 1.6610001e+02	 4.2999524e+02	 2.7316000e+02	 2.7316000e+02
 1.6620007e+02	 4.3087521e+02	 2.7316000e+02	 2.7316000e+02
 1.6630000e+02	 4.3201096e+02	 2.7316000e+02	 2.7316000e+02
 1.6640010e+02	 4.2876764e+02	 2.7316000e+02	 2.7316000e+02
 1.6650000e+02	 4.2540451e+02	 2.7316000e+02	 2.7316000e+02
 1.6660007e+02	 4.2739459e+02	 2.7316000e+02	 2.7316000e+02
 1.6670003e+02	 4.2856079e+02	 2.7316000e+02	 2.7316000e+02
 1.6680000e+02	 4.3157230e+02	 2.7316000e+02	 2.7316000e+02
 1.6690005e+02	 4.3243399e+02	 2.7316000e+02	 2.7316000e+02
 1.6700006e+02	 4.3117496e+02	 2.7316000e+02	 2.7316000e+02
 1.6710001e+02	 4.3015186e+02	 2.7316000e+02	 2.7316000e+02
 1.6720006e+02	 4.2828906e+02	 2.7316000e+02	 2.7316000e+02
 1.6730003e+02	 4.2582095e+02	 2.7316000e+02	 2.7316000e+02
 1.6740001e+02	 4.2394662e+02	 2.7316000e+02	 2.7316000e+02
 1.6750000e+02	 4.2369339e+02	 2.7316000e+02	 2.7316000e+02
 1.6760002e+02	 4.2500546e+02	 2.7316000e+02	 2.7316000e+02
 1.6770000e+02	 4.2687711e+02	 2.7316000e+02	 2.7316000e+02
 1.6780000e+02	 4.2834647e+02	 2.7316000e+02	 2.7316000e+02
 1.6790001e+02	 4.2956631e+02	 2.7316000e+02	 2.7316000e+02
 1.6800005e+02	 4.3028568e+02	 2.7316000e+02	 2.7316000e+02
 1.6810002e+02	 4.3080154e+02	 2.7316000e+02	 2.7316000e+02
 1.6820003e+02	 4.3084775e+02	 2.7316000e+02	 2.7316000e+02
 1.6830003e+02	 4.3155457e+02	 2.7316000e+02	 2.7316000e+02
 1.6840002e+02	 4.3296790e+02	 2.7316000e+02	 2.7316000e+02
 1.6850000e+02	 4.3419409e+02	 2.7316000e+02	 2.7316000e+02
 1.6860008e+02	 4.3399640e+02	 2.7316000e+02	 2.7316000e+02
 1.6870001e+02	 4.3352124e+02	 2.7316000e+02	 2.7316000e+02
 1.6880006e+02	 4.3467175e+02	 2.7316000e+02	 2.7316000e+02
 1.6890001e+02	 4.3543591e+02	 2.7316000e+02	 2.7316000e+02
 1.6900002e+02	 4.3656790e+02	 2.7316000e+02	 2.7316000e+02
 1.6910005e+02	 4.3822794e+02	 2.7316000e+02	 2.7316000e+02
 1.6920010e+02	 4.4058328e+02	 2.7316000e+02	 2.7316000e+02
 1.6930003e+02	 4.4331818e+02	 2.7316000e+02	 2.7316000e+02
 1.6940005e+02	 4.4299216e+02	 2.7316000e+02	 2.7316000e+02
 1.6950003e+02	 4.4460706e+02	 2.7316000e+02	 2.7316000e+02
 1.6960005e+02	 4.4165005e+02	 2.7316000e+02	 2.7316000e+02
 1.6970004e+02	 4.3452658e+02	 2.7316000e+02	 2.7316000e+02
 1.6980008e+02	 4.2784109e+02	 2.7316000e+02	 2.7316000e+02
 1.6990001e+02	 4.2023126e+02	 2.7316000e+02	 2.7316000e+02
 1.7000003e+02	 4.1546652e+02	 2.7316000e+02	 2.7316000e+02
