Time(s)	GVOL(1,4)
 0.0000000e+00	 1.8253278e-03
 1.0005618e+00	 1.8101088e-03
 2.0000894e+00	 1.8128797e-03
 3.0001235e+00	 1.8135528e-03
 4.0000744e+00	 1.8016505e-03
 5.0000405e+00	 1.8166171e-03
 6.0000234e+00	 1.8077802e-03
 7.0002379e+00	 1.8101232e-03
 8.0000887e+00	 1.8073895e-03
 9.0000124e+00	 1.8054741e-03
 1.0000108e+01	 1.7978202e-03
 1.1000061e+01	 1.8147877e-03
 1.2000055e+01	 1.7932872e-03
 1.3000238e+01	 1.7749139e-03
 1.4000112e+01	 1.7751064e-03
 1.5000147e+01	 1.7930404e-03
 1.6000036e+01	 1.8136031e-03
 1.7000031e+01	 1.8023092e-03
 1.8000051e+01	 1.7788375e-03
 1.9000219e+01	 1.7685052e-03
 2.0000223e+01	 1.7761767e-03
 2.1000031e+01	 1.7933508e-03
 2.2000093e+01	 1.8106212e-03
 2.3000038e+01	 1.7999429e-03
 2.4000010e+01	 1.7860772e-03
 2.5000067e+01	 1.7686640e-03
 2.6000111e+01	 1.7701001e-03
 2.7000292e+01	 1.7884122e-03
 2.8000111e+01	 1.8099155e-03
 2.9000072e+01	 1.8083565e-03
 3.0000034e+01	 1.7826748e-03
 3.1000008e+01	 1.7689392e-03
 3.2000217e+01	 1.7773919e-03
 3.3000145e+01	 1.7959578e-03
 3.4000019e+01	 1.8117926e-03
 3.5000225e+01	 1.7981105e-03
 3.6000263e+01	 1.7807805e-03
 3.7000000e+01	 1.7680081e-03
 3.8000050e+01	 1.7716719e-03
 3.9000404e+01	 1.7909934e-03
 4.0000118e+01	 1.8126047e-03
 4.1000126e+01	 1.8052787e-03
 4.2000221e+01	 1.7805391e-03
 4.3000244e+01	 1.7697380e-03
 4.4000210e+01	 1.7747080e-03
 4.5000088e+01	 1.7909994e-03
 4.6000092e+01	 1.8063013e-03
 4.7000141e+01	 1.8055558e-03
 4.8000240e+01	 1.7895428e-03
 4.9000008e+01	 1.7712815e-03
 5.0000221e+01	 1.7680402e-03
 5.1000072e+01	 1.7812066e-03
 5.2000053e+01	 1.8011490e-03
 5.3000069e+01	 1.8087786e-03
 5.4000187e+01	 1.7942351e-03
 5.5000172e+01	 1.7784983e-03
 5.6000126e+01	 1.7674773e-03
 5.7000072e+01	 1.7701618e-03
 5.8000153e+01	 1.7880264e-03
 5.9000050e+01	 1.8099521e-03
 6.0000069e+01	 1.8044903e-03
 6.1000160e+01	 1.7860278e-03
 6.2000050e+01	 1.7731574e-03
 6.3000099e+01	 1.7727432e-03
 6.4000069e+01	 1.7839528e-03
 6.5000206e+01	 1.8040349e-03
 6.6000069e+01	 1.8076026e-03
 6.7000069e+01	 1.7926958e-03
 6.8000008e+01	 1.7739078e-03
 6.9000237e+01	 1.7672335e-03
 7.0000122e+01	 1.7822278e-03
 7.1000031e+01	 1.8033416e-03
 7.2000282e+01	 1.8085337e-03
 7.3000183e+01	 1.7905165e-03
 7.4000183e+01	 1.7783267e-03
 7.5000305e+01	 1.7697553e-03
 7.6000069e+01	 1.7771593e-03
 7.7000076e+01	 1.7967543e-03
 7.8000130e+01	 1.8123076e-03
 7.9000114e+01	 1.8005266e-03
 8.0000267e+01	 1.7768496e-03
 8.1000061e+01	 1.7672209e-03
 8.2000206e+01	 1.7790797e-03
 8.3000099e+01	 1.7982565e-03
 8.4000252e+01	 1.8080715e-03
 8.5000237e+01	 1.7962805e-03
 8.6000008e+01	 1.7798308e-03
 8.7000046e+01	 1.7710160e-03
 8.8000107e+01	 1.7760391e-03
 8.9000130e+01	 1.7953354e-03
 9.0000092e+01	 1.8118785e-03
 9.1000298e+01	 1.8016386e-03
 9.2000191e+01	 1.7785612e-03
 9.3000099e+01	 1.7668167e-03
 9.4000137e+01	 1.7775297e-03
 9.5000000e+01	 1.7927922e-03
 9.6000092e+01	 1.8101817e-03
 9.7000175e+01	 1.8000791e-03
 9.8000183e+01	 1.7845314e-03
 9.9000107e+01	 1.7702882e-03
 1.0000025e+02	 1.7698898e-03
 1.0100002e+02	 1.7854010e-03
 1.0200014e+02	 1.8087497e-03
 1.0300003e+02	 1.8084131e-03
 1.0400006e+02	 1.7849624e-03
 1.0500019e+02	 1.7748077e-03
 1.0600016e+02	 1.7700903e-03
 1.0700005e+02	 1.7787470e-03
 1.0800005e+02	 1.7985664e-03
 1.0900005e+02	 1.8120727e-03
 1.1000010e+02	 1.7980756e-03
 1.1100005e+02	 1.7781069e-03
 1.1200005e+02	 1.7677350e-03
 1.1300011e+02	 1.7776990e-03
 1.1400004e+02	 1.7985422e-03
 1.1500005e+02	 1.8096892e-03
 1.1600015e+02	 1.7930735e-03
 1.1700007e+02	 1.7777395e-03
 1.1800004e+02	 1.7698812e-03
 1.1900003e+02	 1.7762138e-03
 1.2000007e+02	 1.7942835e-03
 1.2100005e+02	 1.8127004e-03
 1.2200008e+02	 1.8044121e-03
 1.2300022e+02	 1.7804904e-03
 1.2400007e+02	 1.7666768e-03
 1.2500008e+02	 1.7759278e-03
 1.2600005e+02	 1.7949503e-03
 1.2700005e+02	 1.8102478e-03
 1.2800008e+02	 1.8025930e-03
 1.2900026e+02	 1.7868315e-03
 1.3000006e+02	 1.7711548e-03
 1.3100023e+02	 1.7694228e-03
 1.3200002e+02	 1.7871826e-03
 1.3300009e+02	 1.8097281e-03
 1.3400003e+02	 1.8058021e-03
 1.3500020e+02	 1.7857975e-03
 1.3600014e+02	 1.7723828e-03
 1.3700008e+02	 1.7722056e-03
 1.3800002e+02	 1.7849146e-03
 1.3900027e+02	 1.8034056e-03
 1.4000012e+02	 1.8073248e-03
 1.4100006e+02	 1.7905175e-03
 1.4200020e+02	 1.7728230e-03
 1.4300023e+02	 1.7682957e-03
 1.4400017e+02	 1.7870239e-03
 1.4500008e+02	 1.8085053e-03
 1.4600002e+02	 1.8065022e-03
 1.4700005e+02	 1.7854185e-03
 1.4800018e+02	 1.7718794e-03
 1.4900020e+02	 1.7748247e-03
 1.5000011e+02	 1.7888870e-03
 1.5100027e+02	 1.8070596e-03
 1.5200009e+02	 1.8047362e-03
 1.5300018e+02	 1.7876017e-03
 1.5400015e+02	 1.7713427e-03
 1.5500002e+02	 1.7689520e-03
 1.5600008e+02	 1.7880760e-03
 1.5700009e+02	 1.8109912e-03
 1.5800018e+02	 1.8063067e-03
 1.5900018e+02	 1.7828990e-03
 1.6000003e+02	 1.7702291e-03
 1.6100005e+02	 1.7731253e-03
 1.6200008e+02	 1.7879549e-03
 1.6300006e+02	 1.8056091e-03
 1.6400012e+02	 1.8076543e-03
 1.6410002e+02	 3.2484019e-04
 1.6420000e+02	 3.3299203e-04
 1.6430002e+02	 3.7400881e-04
 1.6440001e+02	 3.4855024e-04
 1.6450003e+02	 4.0908367e-04
 1.6460002e+02	 5.3773896e-04
 1.6470001e+02	 5.9932214e-04
 1.6480003e+02	 6.1325508e-04
 1.6490002e+02	 6.6625036e-04
 1.6500003e+02	 7.5273123e-04
 1.6510007e+02	 7.9567399e-04
 1.6520001e+02	 7.7246875e-04
 1.6530002e+02	 7.2667748e-04
 1.6540002e+02	 6.4721215e-04
 1.6550002e+02	 6.0819183e-04
 1.6560004e+02	 6.5985671e-04
 1.6570004e+02	 7.8985136e-04
 1.6580003e+02	 8.7048905e-04
 1.6590004e+02	 8.1349758e-04
 1.6600005e+02	 8.5637782e-04
 1.6610001e+02	 8.9490903e-04
 1.6620007e+02	 9.3413144e-04
 1.6630000e+02	 1.0198329e-03
 1.6640010e+02	 1.0838523e-03
 1.6650000e+02	 1.1564547e-03
 1.6660007e+02	 1.2089834e-03
 1.6670003e+02	 1.2492051e-03
 1.6680000e+02	 1.2698504e-03
 1.6690005e+02	 1.2915640e-03
 1.6700006e+02	 1.3184769e-03
 1.6710001e+02	 1.3413669e-03
 1.6720006e+02	 1.3573454e-03
 1.6730003e+02	 1.3738971e-03
 1.6740001e+02	 1.3897787e-03
 1.6750000e+02	 1.4032507e-03
 1.6760002e+02	 1.4149279e-03
 1.6770000e+02	 1.4289708e-03
 1.6780000e+02	 1.4441209e-03
 1.6790001e+02	 1.4610575e-03
 1.6800005e+02	 1.4756802e-03
 1.6810002e+02	 1.4901636e-03
 1.6820003e+02	 1.5036536e-03
 1.6830003e+02	 1.5175377e-03
 1.6840002e+02	 1.5313339e-03
 1.6850000e+02	 1.5423819e-03
 1.6860008e+02	 1.5548272e-03
 1.6870001e+02	 1.5634208e-03
 1.6880006e+02	 1.5762735e-03
 1.6890001e+02	 1.5857185e-03
 1.6900002e+02	 1.5932184e-03
 1.6910005e+02	 1.6008078e-03
 1.6920010e+02	 1.6098723e-03
 1.6930003e+02	 1.6178482e-03
 1.6940005e+02	 1.6268445e-03
 1.6950003e+02	 1.6370702e-03
 1.6960005e+02	 1.6473401e-03
 1.6970004e+02	 1.6565612e-03
 1.6980008e+02	 1.6650958e-03
 1.6990001e+02	 1.6706788e-03
