Time(s)	MASF(1,9)
 0.0000000e+00	 1.2010653e-22
 1.0005618e+00	 1.2010653e-22
 2.0000894e+00	 6.7611043e-17
 3.0001235e+00	 1.0041067e-16
 4.0000744e+00	 1.0478027e-16
 5.0000405e+00	 1.2400503e-16
 6.0000234e+00	 1.3704314e-16
 7.0002379e+00	 1.4598150e-16
 8.0000887e+00	 1.6392228e-16
 9.0000124e+00	 1.7653969e-16
 1.0000108e+01	 1.8010374e-16
 1.1000061e+01	 1.8295081e-16
 1.2000055e+01	 1.9260019e-16
 1.3000238e+01	 1.9928969e-16
 1.4000112e+01	 2.0329932e-16
 1.5000147e+01	 2.0871842e-16
 1.6000036e+01	 2.1391153e-16
 1.7000031e+01	 2.2035947e-16
 1.8000051e+01	 2.2509774e-16
 1.9000219e+01	 2.2965538e-16
 2.0000223e+01	 2.3423627e-16
 2.1000031e+01	 2.3894871e-16
 2.2000093e+01	 2.4265961e-16
 2.3000038e+01	 2.4698083e-16
 2.4000010e+01	 2.5153001e-16
 2.5000067e+01	 2.5461652e-16
 2.6000111e+01	 2.5719126e-16
 2.7000292e+01	 2.6078694e-16
 2.8000111e+01	 2.6420821e-16
 2.9000072e+01	 2.6792891e-16
 3.0000034e+01	 2.7101163e-16
 3.1000008e+01	 2.7578191e-16
 3.2000217e+01	 2.7824746e-16
 3.3000145e+01	 2.8125287e-16
 3.4000019e+01	 2.8501825e-16
 3.5000225e+01	 2.8915119e-16
 3.6000263e+01	 2.9187101e-16
 3.7000000e+01	 2.9426690e-16
 3.8000050e+01	 2.9731431e-16
 3.9000404e+01	 3.0058433e-16
 4.0000118e+01	 3.0465745e-16
 4.1000126e+01	 3.0860015e-16
 4.2000221e+01	 3.1229395e-16
 4.3000244e+01	 3.1509626e-16
 4.4000210e+01	 3.1718594e-16
 4.5000088e+01	 3.1998700e-16
 4.6000092e+01	 3.2265142e-16
 4.7000141e+01	 3.2597878e-16
 4.8000240e+01	 3.2935825e-16
 4.9000008e+01	 3.3225291e-16
 5.0000221e+01	 3.3495394e-16
 5.1000072e+01	 3.3750277e-16
 5.2000053e+01	 3.4099691e-16
 5.3000069e+01	 3.4435344e-16
 5.4000187e+01	 3.4812300e-16
 5.5000172e+01	 3.5062622e-16
 5.6000126e+01	 3.5330149e-16
 5.7000072e+01	 3.5586056e-16
 5.8000153e+01	 3.5878603e-16
 5.9000050e+01	 3.6235119e-16
 6.0000069e+01	 3.6487262e-16
 6.1000160e+01	 3.6784830e-16
 6.2000050e+01	 3.7033686e-16
 6.3000099e+01	 3.7272745e-16
 6.4000069e+01	 3.7620330e-16
 6.5000206e+01	 3.7872172e-16
 6.6000069e+01	 3.8199627e-16
 6.7000069e+01	 3.8468986e-16
 6.8000008e+01	 3.8761604e-16
 6.9000237e+01	 3.9036490e-16
 7.0000122e+01	 3.9272968e-16
 7.1000031e+01	 3.9602364e-16
 7.2000282e+01	 3.9867842e-16
 7.3000183e+01	 4.0148684e-16
 7.4000183e+01	 4.0391745e-16
 7.5000305e+01	 4.0598284e-16
 7.6000069e+01	 4.0844127e-16
 7.7000076e+01	 4.1058980e-16
 7.8000130e+01	 4.1353133e-16
 7.9000114e+01	 4.1612098e-16
 8.0000267e+01	 4.1874477e-16
 8.1000061e+01	 4.2087646e-16
 8.2000206e+01	 4.2293464e-16
 8.3000099e+01	 4.2600715e-16
 8.4000252e+01	 4.2838686e-16
 8.5000237e+01	 4.3110414e-16
 8.6000008e+01	 4.3309755e-16
 8.7000046e+01	 4.3522665e-16
 8.8000107e+01	 4.3758352e-16
 8.9000130e+01	 4.3989730e-16
 9.0000092e+01	 4.4272406e-16
 9.1000298e+01	 4.4481644e-16
 9.2000191e+01	 4.4774966e-16
 9.3000099e+01	 4.5025392e-16
 9.4000137e+01	 4.5191537e-16
 9.5000000e+01	 4.5473271e-16
 9.6000092e+01	 4.5669428e-16
 9.7000175e+01	 4.5929875e-16
 9.8000183e+01	 4.6117143e-16
 9.9000107e+01	 4.6309981e-16
 1.0000025e+02	 4.6498202e-16
 1.0100002e+02	 4.6671542e-16
 1.0200014e+02	 4.6890161e-16
 1.0300003e+02	 4.7066058e-16
 1.0400006e+02	 4.7247482e-16
 1.0500019e+02	 4.7402680e-16
 1.0600016e+02	 4.7576538e-16
 1.0700005e+02	 4.7755585e-16
 1.0800005e+02	 4.7940302e-16
 1.0900005e+02	 4.8125823e-16
 1.1000010e+02	 4.8289851e-16
 1.1100005e+02	 4.8470084e-16
 1.1200005e+02	 4.8621724e-16
 1.1300011e+02	 4.8767096e-16
 1.1400004e+02	 4.8962644e-16
 1.1500005e+02	 4.9140595e-16
 1.1600015e+02	 4.9329918e-16
 1.1700007e+02	 4.9479636e-16
 1.1800004e+02	 4.9641790e-16
 1.1900003e+02	 4.9789121e-16
 1.2000007e+02	 4.9933625e-16
 1.2100005e+02	 5.0104445e-16
 1.2200008e+02	 5.0249525e-16
 1.2300022e+02	 5.0430510e-16
 1.2400007e+02	 5.0551032e-16
 1.2500008e+02	 5.0714663e-16
 1.2600005e+02	 5.0898983e-16
 1.2700005e+02	 5.1028732e-16
 1.2800008e+02	 5.1211496e-16
 1.2900026e+02	 5.1343246e-16
 1.3000006e+02	 5.1504643e-16
 1.3100023e+02	 5.1644091e-16
 1.3200002e+02	 5.1816044e-16
 1.3300009e+02	 5.1981369e-16
 1.3400003e+02	 5.2126349e-16
 1.3500020e+02	 5.2274871e-16
 1.3600014e+02	 5.2387574e-16
 1.3700008e+02	 5.2533989e-16
 1.3800002e+02	 5.2692983e-16
 1.3900027e+02	 5.2702925e-16
 1.4000012e+02	 5.2706615e-16
 1.4100006e+02	 5.2713899e-16
 1.4200020e+02	 5.2733799e-16
 1.4300023e+02	 5.2745583e-16
 1.4400017e+02	 5.2769517e-16
 1.4500008e+02	 5.2789412e-16
 1.4600002e+02	 5.2820371e-16
 1.4700005e+02	 5.2861844e-16
 1.4800018e+02	 5.2896419e-16
 1.4900020e+02	 5.2948395e-16
 1.5000011e+02	 5.2988486e-16
 1.5100027e+02	 5.3057143e-16
 1.5200009e+02	 5.3116557e-16
 1.5300018e+02	 5.3179190e-16
 1.5400015e+02	 5.3264857e-16
 1.5500002e+02	 5.3254052e-16
 1.5600008e+02	 5.3249187e-16
 1.5700009e+02	 5.3244009e-16
 1.5800018e+02	 5.3246535e-16
 1.5900018e+02	 5.3259282e-16
 1.6000003e+02	 5.3267964e-16
 1.6100005e+02	 5.3283047e-16
 1.6200008e+02	 5.3294180e-16
 1.6300006e+02	 5.3312773e-16
 1.6400012e+02	 5.3312730e-16
 1.6410002e+02	 2.2730281e+00
 1.6420000e+02	 4.5987964e+00
 1.6430002e+02	 3.9848788e+00
 1.6440001e+02	 2.9804747e+00
 1.6450003e+02	 3.1594183e+00
 1.6460002e+02	 3.2139740e+00
 1.6470001e+02	 3.0033736e+00
 1.6480003e+02	 2.8766983e+00
 1.6490002e+02	 2.8753498e+00
 1.6500003e+02	 2.8281865e+00
 1.6510007e+02	 2.7015374e+00
 1.6520001e+02	 2.6425898e+00
 1.6530002e+02	 2.5412781e+00
 1.6540002e+02	 2.3931038e+00
 1.6550002e+02	 2.2173140e+00
 1.6560004e+02	 2.0327020e+00
 1.6570004e+02	 1.8586725e+00
 1.6580003e+02	 1.7099627e+00
 1.6590004e+02	 1.6303639e+00
 1.6600005e+02	 1.5665776e+00
 1.6610001e+02	 1.4895986e+00
 1.6620007e+02	 1.3909907e+00
 1.6630000e+02	 1.2889171e+00
 1.6640010e+02	 1.1843112e+00
 1.6650000e+02	 1.0698154e+00
 1.6660007e+02	 9.3931192e-01
 1.6670003e+02	 7.8622895e-01
 1.6680000e+02	 5.7462299e-01
 1.6690005e+02	 3.1928453e-01
 1.6700006e+02	 8.7170899e-02
 1.6710001e+02	 1.0582437e-02
 1.6720006e+02	 1.1758736e-03
 1.6730003e+02	 1.0987672e-04
 1.6740001e+02	 8.3135046e-06
 1.6750000e+02	 4.4664432e-07
 1.6760002e+02	 4.5523474e-09
 1.6770000e+02	 3.3794115e-10
 1.6780000e+02	 3.3794115e-10
 1.6790001e+02	 3.3794118e-10
 1.6800005e+02	 3.3794118e-10
 1.6810002e+02	 3.3794118e-10
 1.6820003e+02	 3.3794123e-10
 1.6830003e+02	 3.3794140e-10
 1.6840002e+02	 3.3794142e-10
 1.6850000e+02	 3.3794151e-10
 1.6860008e+02	 3.3794159e-10
 1.6870001e+02	 3.3794167e-10
 1.6880006e+02	 3.3794170e-10
 1.6890001e+02	 3.3794173e-10
 1.6900002e+02	 3.3794176e-10
 1.6910005e+02	 3.3794179e-10
 1.6920010e+02	 3.3794181e-10
 1.6930003e+02	 3.3794181e-10
 1.6940005e+02	 3.3794181e-10
 1.6950003e+02	 3.3794187e-10
 1.6960005e+02	 3.3794195e-10
 1.6970004e+02	 3.3794201e-10
 1.6980008e+02	 3.3794201e-10
 1.6990001e+02	 3.3794201e-10
