Time(s)	MASF(1,8)
 0.0000000e+00	 1.5343024e-22
 1.0005618e+00	 6.9835673e-20
 2.0000894e+00	 1.9683580e-17
 3.0001235e+00	 2.7911734e-17
 4.0000744e+00	 5.0718513e-17
 5.0000405e+00	 9.2159170e-17
 6.0000234e+00	 1.4188236e-16
 7.0002379e+00	 2.1797832e-16
 8.0000887e+00	 3.5093621e-16
 9.0000124e+00	 4.7475699e-16
 1.0000108e+01	 6.1472675e-16
 1.1000061e+01	 8.3616911e-16
 1.2000055e+01	 1.1006892e-15
 1.3000238e+01	 1.3002689e-15
 1.4000112e+01	 1.5828554e-15
 1.5000147e+01	 1.8660307e-15
 1.6000036e+01	 2.1835152e-15
 1.7000031e+01	 2.5054853e-15
 1.8000051e+01	 2.8320252e-15
 1.9000219e+01	 3.1991566e-15
 2.0000223e+01	 3.5784999e-15
 2.1000031e+01	 3.9200282e-15
 2.2000093e+01	 4.2931217e-15
 2.3000038e+01	 4.6386163e-15
 2.4000010e+01	 5.0143944e-15
 2.5000067e+01	 5.3326370e-15
 2.6000111e+01	 5.7069954e-15
 2.7000292e+01	 6.0625363e-15
 2.8000111e+01	 6.4219861e-15
 2.9000072e+01	 6.7819069e-15
 3.0000034e+01	 7.0994338e-15
 3.1000008e+01	 7.4963907e-15
 3.2000217e+01	 7.8198505e-15
 3.3000145e+01	 8.1784445e-15
 3.4000019e+01	 8.5609078e-15
 3.5000225e+01	 8.9425842e-15
 3.6000263e+01	 9.3375286e-15
 3.7000000e+01	 9.7022957e-15
 3.8000050e+01	 1.0122670e-14
 3.9000404e+01	 1.0493480e-14
 4.0000118e+01	 1.0851680e-14
 4.1000126e+01	 1.1229582e-14
 4.2000221e+01	 1.1592241e-14
 4.3000244e+01	 1.1959556e-14
 4.4000210e+01	 1.2352973e-14
 4.5000088e+01	 1.2721032e-14
 4.6000092e+01	 1.3167186e-14
 4.7000141e+01	 1.3552506e-14
 4.8000240e+01	 1.3994124e-14
 4.9000008e+01	 1.4390312e-14
 5.0000221e+01	 1.4784123e-14
 5.1000072e+01	 1.5163006e-14
 5.2000053e+01	 1.5547898e-14
 5.3000069e+01	 1.5947448e-14
 5.4000187e+01	 1.6314683e-14
 5.5000172e+01	 1.6684625e-14
 5.6000126e+01	 1.7067660e-14
 5.7000072e+01	 1.7453424e-14
 5.8000153e+01	 1.7841077e-14
 5.9000050e+01	 1.8202499e-14
 6.0000069e+01	 1.8585360e-14
 6.1000160e+01	 1.8943692e-14
 6.2000050e+01	 1.9349070e-14
 6.3000099e+01	 1.9706684e-14
 6.4000069e+01	 2.0070864e-14
 6.5000206e+01	 2.0440438e-14
 6.6000069e+01	 2.0803741e-14
 6.7000069e+01	 2.1168834e-14
 6.8000008e+01	 2.1524420e-14
 6.9000237e+01	 2.1890360e-14
 7.0000122e+01	 2.2274109e-14
 7.1000031e+01	 2.2654272e-14
 7.2000282e+01	 2.3032347e-14
 7.3000183e+01	 2.3438760e-14
 7.4000183e+01	 2.3855248e-14
 7.5000305e+01	 2.4259744e-14
 7.6000069e+01	 2.4697744e-14
 7.7000076e+01	 2.5128227e-14
 7.8000130e+01	 2.5495820e-14
 7.9000114e+01	 2.5898378e-14
 8.0000267e+01	 2.6284644e-14
 8.1000061e+01	 2.6660088e-14
 8.2000206e+01	 2.7082738e-14
 8.3000099e+01	 2.7491760e-14
 8.4000252e+01	 2.7905060e-14
 8.5000237e+01	 2.8467734e-14
 8.6000008e+01	 2.9004241e-14
 8.7000046e+01	 2.9359002e-14
 8.8000107e+01	 2.9699936e-14
 8.9000130e+01	 3.0092451e-14
 9.0000092e+01	 3.0535714e-14
 9.1000298e+01	 3.0951665e-14
 9.2000191e+01	 3.1474165e-14
 9.3000099e+01	 3.1970689e-14
 9.4000137e+01	 3.2381328e-14
 9.5000000e+01	 3.2738230e-14
 9.6000092e+01	 3.3071869e-14
 9.7000175e+01	 3.3360230e-14
 9.8000183e+01	 3.3627357e-14
 9.9000107e+01	 3.3966316e-14
 1.0000025e+02	 3.4312312e-14
 1.0100002e+02	 3.4611030e-14
 1.0200014e+02	 3.4909287e-14
 1.0300003e+02	 3.5310124e-14
 1.0400006e+02	 3.5637739e-14
 1.0500019e+02	 3.5990498e-14
 1.0600016e+02	 3.6275297e-14
 1.0700005e+02	 3.6559673e-14
 1.0800005e+02	 3.6959371e-14
 1.0900005e+02	 3.7276917e-14
 1.1000010e+02	 3.7621473e-14
 1.1100005e+02	 3.7923444e-14
 1.1200005e+02	 3.8279462e-14
 1.1300011e+02	 3.8595361e-14
 1.1400004e+02	 3.8890993e-14
 1.1500005e+02	 3.9298405e-14
 1.1600015e+02	 3.9621196e-14
 1.1700007e+02	 3.9968662e-14
 1.1800004e+02	 4.0309603e-14
 1.1900003e+02	 4.0654881e-14
 1.2000007e+02	 4.1022914e-14
 1.2100005e+02	 4.1403286e-14
 1.2200008e+02	 4.1748201e-14
 1.2300022e+02	 4.2116694e-14
 1.2400007e+02	 4.2468853e-14
 1.2500008e+02	 4.2840087e-14
 1.2600005e+02	 4.3237922e-14
 1.2700005e+02	 4.3612598e-14
 1.2800008e+02	 4.3961000e-14
 1.2900026e+02	 4.4330608e-14
 1.3000006e+02	 4.4693632e-14
 1.3100023e+02	 4.5068597e-14
 1.3200002e+02	 4.5480838e-14
 1.3300009e+02	 4.5861532e-14
 1.3400003e+02	 4.6200592e-14
 1.3500020e+02	 4.6547845e-14
 1.3600014e+02	 4.6891473e-14
 1.3700008e+02	 4.7206068e-14
 1.3800002e+02	 4.7540605e-14
 1.3900027e+02	 4.7845398e-14
 1.4000012e+02	 4.8131875e-14
 1.4100006e+02	 4.8436905e-14
 1.4200020e+02	 4.8756124e-14
 1.4300023e+02	 4.9041497e-14
 1.4400017e+02	 4.9328492e-14
 1.4500008e+02	 4.9561910e-14
 1.4600002e+02	 4.9745506e-14
 1.4700005e+02	 4.9937895e-14
 1.4800018e+02	 5.0166431e-14
 1.4900020e+02	 5.0448276e-14
 1.5000011e+02	 5.0707356e-14
 1.5100027e+02	 5.1000230e-14
 1.5200009e+02	 5.1242136e-14
 1.5300018e+02	 5.1459356e-14
 1.5400015e+02	 5.1693360e-14
 1.5500002e+02	 5.1939454e-14
 1.5600008e+02	 5.2200984e-14
 1.5700009e+02	 5.2408995e-14
 1.5800018e+02	 5.2594610e-14
 1.5900018e+02	 5.2737887e-14
 1.6000003e+02	 5.2877228e-14
 1.6100005e+02	 5.3013044e-14
 1.6200008e+02	 5.3138019e-14
 1.6300006e+02	 5.3249834e-14
 1.6400012e+02	 5.3350224e-14
 1.6410002e+02	 4.4493055e+00
 1.6420000e+02	 5.3765726e+00
 1.6430002e+02	 5.4579358e+00
 1.6440001e+02	 5.7129512e+00
 1.6450003e+02	 5.4728646e+00
 1.6460002e+02	 5.2606931e+00
 1.6470001e+02	 5.2802153e+00
 1.6480003e+02	 5.1226535e+00
 1.6490002e+02	 4.8773751e+00
 1.6500003e+02	 4.5872345e+00
 1.6510007e+02	 4.1379547e+00
 1.6520001e+02	 3.4151988e+00
 1.6530002e+02	 2.5654714e+00
 1.6540002e+02	 1.6735924e+00
 1.6550002e+02	 1.4135581e+00
 1.6560004e+02	 1.2519099e+00
 1.6570004e+02	 1.1329496e+00
 1.6580003e+02	 8.4146559e-01
 1.6590004e+02	 1.8942386e-01
 1.6600005e+02	 4.4015825e-02
 1.6610001e+02	 3.4646273e-03
 1.6620007e+02	 1.6742377e-04
 1.6630000e+02	 6.1023015e-06
 1.6640010e+02	 1.2737435e-07
 1.6650000e+02	 1.3877276e-09
 1.6660007e+02	 5.1227611e-10
 1.6670003e+02	 5.1227605e-10
 1.6680000e+02	 5.1227611e-10
 1.6690005e+02	 5.1227611e-10
 1.6700006e+02	 5.1227617e-10
 1.6710001e+02	 5.1227617e-10
 1.6720006e+02	 5.1227611e-10
 1.6730003e+02	 5.0714344e-10
 1.6740001e+02	 5.0714344e-10
 1.6750000e+02	 5.0345955e-10
 1.6760002e+02	 5.0345955e-10
 1.6770000e+02	 5.0345955e-10
 1.6780000e+02	 5.0345961e-10
 1.6790001e+02	 5.0345966e-10
 1.6800005e+02	 5.0345972e-10
 1.6810002e+02	 5.0345972e-10
 1.6820003e+02	 5.0345983e-10
 1.6830003e+02	 5.0345994e-10
 1.6840002e+02	 5.0345994e-10
 1.6850000e+02	 5.0346005e-10
 1.6860008e+02	 5.0346016e-10
 1.6870001e+02	 5.0346016e-10
 1.6880006e+02	 5.0346027e-10
 1.6890001e+02	 5.0346027e-10
 1.6900002e+02	 5.0346027e-10
 1.6910005e+02	 5.0346033e-10
 1.6920010e+02	 5.0346038e-10
 1.6930003e+02	 5.0346038e-10
 1.6940005e+02	 5.0346038e-10
 1.6950003e+02	 5.0346055e-10
 1.6960005e+02	 5.0346061e-10
 1.6970004e+02	 5.0346072e-10
 1.6980008e+02	 5.0346083e-10
 1.6990001e+02	 5.0346088e-10
