Time(s)	MASF(1,1)
 0.0000000e+00	 2.0298218e+02
 1.0005618e+00	 2.0282285e+02
 2.0000894e+00	 2.0286189e+02
 3.0001235e+00	 2.0286975e+02
 4.0000744e+00	 2.0275838e+02
 5.0000405e+00	 2.0289662e+02
 6.0000234e+00	 2.0281172e+02
 7.0002379e+00	 2.0283351e+02
 8.0000887e+00	 2.0280592e+02
 9.0000124e+00	 2.0278839e+02
 1.0000108e+01	 2.0271445e+02
 1.1000061e+01	 2.0287929e+02
 1.2000055e+01	 2.0266205e+02
 1.3000238e+01	 2.0250056e+02
 1.4000112e+01	 2.0249681e+02
 1.5000147e+01	 2.0266969e+02
 1.6000036e+01	 2.0286795e+02
 1.7000031e+01	 2.0275568e+02
 1.8000051e+01	 2.0254205e+02
 1.9000219e+01	 2.0243645e+02
 2.0000223e+01	 2.0251039e+02
 2.1000031e+01	 2.0265674e+02
 2.2000093e+01	 2.0283910e+02
 2.3000038e+01	 2.0273718e+02
 2.4000010e+01	 2.0258549e+02
 2.5000067e+01	 2.0244652e+02
 2.6000111e+01	 2.0246307e+02
 2.7000292e+01	 2.0262993e+02
 2.8000111e+01	 2.0282663e+02
 2.9000072e+01	 2.0281223e+02
 3.0000034e+01	 2.0258064e+02
 3.1000008e+01	 2.0244754e+02
 3.2000217e+01	 2.0252647e+02
 3.3000145e+01	 2.0268225e+02
 3.4000019e+01	 2.0284972e+02
 3.5000225e+01	 2.0271935e+02
 3.6000263e+01	 2.0254938e+02
 3.7000000e+01	 2.0244270e+02
 3.8000050e+01	 2.0247900e+02
 3.9000404e+01	 2.0265205e+02
 4.0000118e+01	 2.0285773e+02
 4.1000126e+01	 2.0278064e+02
 4.2000221e+01	 2.0255998e+02
 4.3000244e+01	 2.0244865e+02
 4.4000210e+01	 2.0250340e+02
 4.5000088e+01	 2.0264056e+02
 4.6000092e+01	 2.0279791e+02
 4.7000141e+01	 2.0278957e+02
 4.8000240e+01	 2.0262178e+02
 4.9000008e+01	 2.0246980e+02
 5.0000221e+01	 2.0243756e+02
 5.1000072e+01	 2.0255821e+02
 5.2000053e+01	 2.0273325e+02
 5.3000069e+01	 2.0282115e+02
 5.4000187e+01	 2.0268332e+02
 5.5000172e+01	 2.0252423e+02
 5.6000126e+01	 2.0243425e+02
 5.7000072e+01	 2.0246594e+02
 5.8000153e+01	 2.0262605e+02
 5.9000050e+01	 2.0282373e+02
 6.0000069e+01	 2.0278036e+02
 6.1000160e+01	 2.0260556e+02
 6.2000050e+01	 2.0247656e+02
 6.3000099e+01	 2.0248868e+02
 6.4000069e+01	 2.0257100e+02
 6.5000206e+01	 2.0277618e+02
 6.6000069e+01	 2.0281009e+02
 6.7000069e+01	 2.0265051e+02
 6.8000008e+01	 2.0249469e+02
 6.9000237e+01	 2.0243571e+02
 7.0000122e+01	 2.0256816e+02
 7.1000031e+01	 2.0275414e+02
 7.2000282e+01	 2.0281660e+02
 7.3000183e+01	 2.0264810e+02
 7.4000183e+01	 2.0252713e+02
 7.5000305e+01	 2.0245720e+02
 7.6000069e+01	 2.0251697e+02
 7.7000076e+01	 2.0270628e+02
 7.8000130e+01	 2.0285538e+02
 7.9000114e+01	 2.0271826e+02
 8.0000267e+01	 2.0252290e+02
 8.1000061e+01	 2.0242326e+02
 8.2000206e+01	 2.0254172e+02
 8.3000099e+01	 2.0270482e+02
 8.4000252e+01	 2.0281200e+02
 8.5000237e+01	 2.0269948e+02
 8.6000008e+01	 2.0253970e+02
 8.7000046e+01	 2.0246725e+02
 8.8000107e+01	 2.0251367e+02
 8.9000130e+01	 2.0268483e+02
 9.0000092e+01	 2.0284988e+02
 9.1000298e+01	 2.0274802e+02
 9.2000191e+01	 2.0254489e+02
 9.3000099e+01	 2.0242593e+02
 9.4000137e+01	 2.0253073e+02
 9.5000000e+01	 2.0265453e+02
 9.6000092e+01	 2.0283781e+02
 9.7000175e+01	 2.0273433e+02
 9.8000183e+01	 2.0256659e+02
 9.9000107e+01	 2.0245964e+02
 1.0000025e+02	 2.0246431e+02
 1.0100002e+02	 2.0259784e+02
 1.0200014e+02	 2.0281009e+02
 1.0300003e+02	 2.0281258e+02
 1.0400006e+02	 2.0260077e+02
 1.0500019e+02	 2.0249623e+02
 1.0600016e+02	 2.0245961e+02
 1.0700005e+02	 2.0252260e+02
 1.0800005e+02	 2.0272406e+02
 1.0900005e+02	 2.0285330e+02
 1.1000010e+02	 2.0269423e+02
 1.1100005e+02	 2.0253954e+02
 1.1200005e+02	 2.0242445e+02
 1.1300011e+02	 2.0252928e+02
 1.1400004e+02	 2.0270886e+02
 1.1500005e+02	 2.0283022e+02
 1.1600015e+02	 2.0267131e+02
 1.1700007e+02	 2.0251828e+02
 1.1800004e+02	 2.0246255e+02
 1.1900003e+02	 2.0251599e+02
 1.2000007e+02	 2.0267902e+02
 1.2100005e+02	 2.0285924e+02
 1.2200008e+02	 2.0276709e+02
 1.2300022e+02	 2.0255275e+02
 1.2400007e+02	 2.0241554e+02
 1.2500008e+02	 2.0251413e+02
 1.2600005e+02	 2.0267505e+02
 1.2700005e+02	 2.0283453e+02
 1.2800008e+02	 2.0276260e+02
 1.2900026e+02	 2.0259995e+02
 1.3000006e+02	 2.0247267e+02
 1.3100023e+02	 2.0246004e+02
 1.3200002e+02	 2.0261469e+02
 1.3300009e+02	 2.0282175e+02
 1.3400003e+02	 2.0278467e+02
 1.3500020e+02	 2.0260706e+02
 1.3600014e+02	 2.0246761e+02
 1.3700008e+02	 2.0247641e+02
 1.3800002e+02	 2.0258229e+02
 1.3900027e+02	 2.0277011e+02
 1.4000012e+02	 2.0280638e+02
 1.4100006e+02	 2.0262755e+02
 1.4200020e+02	 2.0248204e+02
 1.4300023e+02	 2.0244655e+02
 1.4400017e+02	 2.0261194e+02
 1.4500008e+02	 2.0280826e+02
 1.4600002e+02	 2.0279800e+02
 1.4700005e+02	 2.0259161e+02
 1.4800018e+02	 2.0246700e+02
 1.4900020e+02	 2.0250964e+02
 1.5000011e+02	 2.0261769e+02
 1.5100027e+02	 2.0280469e+02
 1.5200009e+02	 2.0278160e+02
 1.5300018e+02	 2.0260062e+02
 1.5400015e+02	 2.0246591e+02
 1.5500002e+02	 2.0245618e+02
 1.5600008e+02	 2.0262328e+02
 1.5700009e+02	 2.0283620e+02
 1.5800018e+02	 2.0279434e+02
 1.5900018e+02	 2.0257849e+02
 1.6000003e+02	 2.0245035e+02
 1.6100005e+02	 2.0248454e+02
 1.6200008e+02	 2.0261136e+02
 1.6300006e+02	 2.0278580e+02
 1.6400012e+02	 2.0280956e+02
 1.6410002e+02	 1.8330840e+02
 1.6420000e+02	 1.8078090e+02
 1.6430002e+02	 1.8119411e+02
 1.6440001e+02	 1.8112015e+02
 1.6450003e+02	 1.8179170e+02
 1.6460002e+02	 1.8310352e+02
 1.6470001e+02	 1.8364832e+02
 1.6480003e+02	 1.8402672e+02
 1.6490002e+02	 1.8487582e+02
 1.6500003e+02	 1.8603186e+02
 1.6510007e+02	 1.8686157e+02
 1.6520001e+02	 1.8735953e+02
 1.6530002e+02	 1.8785410e+02
 1.6540002e+02	 1.8811214e+02
 1.6550002e+02	 1.8810268e+02
 1.6560004e+02	 1.8890559e+02
 1.6570004e+02	 1.9040242e+02
 1.6580003e+02	 1.9159509e+02
 1.6590004e+02	 1.9186290e+02
 1.6600005e+02	 1.9243484e+02
 1.6610001e+02	 1.9292319e+02
 1.6620007e+02	 1.9328130e+02
 1.6630000e+02	 1.9425204e+02
 1.6640010e+02	 1.9494328e+02
 1.6650000e+02	 1.9573294e+02
 1.6660007e+02	 1.9635243e+02
 1.6670003e+02	 1.9689870e+02
 1.6680000e+02	 1.9729344e+02
 1.6690005e+02	 1.9774252e+02
 1.6700006e+02	 1.9822636e+02
 1.6710001e+02	 1.9851830e+02
 1.6720006e+02	 1.9867458e+02
 1.6730003e+02	 1.9884351e+02
 1.6740001e+02	 1.9899014e+02
 1.6750000e+02	 1.9913275e+02
 1.6760002e+02	 1.9927498e+02
 1.6770000e+02	 1.9939560e+02
 1.6780000e+02	 1.9954094e+02
 1.6790001e+02	 1.9971092e+02
 1.6800005e+02	 1.9987074e+02
 1.6810002e+02	 2.0000192e+02
 1.6820003e+02	 2.0012299e+02
 1.6830003e+02	 2.0025099e+02
 1.6840002e+02	 2.0037042e+02
 1.6850000e+02	 2.0047017e+02
 1.6860008e+02	 2.0059109e+02
 1.6870001e+02	 2.0069586e+02
 1.6880006e+02	 2.0080818e+02
 1.6890001e+02	 2.0089221e+02
 1.6900002e+02	 2.0097041e+02
 1.6910005e+02	 2.0104002e+02
 1.6920010e+02	 2.0110651e+02
 1.6930003e+02	 2.0117809e+02
 1.6940005e+02	 2.0125667e+02
 1.6950003e+02	 2.0133965e+02
 1.6960005e+02	 2.0142464e+02
 1.6970004e+02	 2.0149873e+02
 1.6980008e+02	 2.0154430e+02
 1.6990001e+02	 2.0158478e+02
