Time(s)	MASFPG(1,1)
 0.0000000e+00	 2.1143708e-22
 1.0005618e+00	 2.3878278e-05
 2.0000894e+00	 1.9359253e-05
 3.0001235e+00	 1.9677937e-05
 4.0000744e+00	 3.8975617e-05
 5.0000405e+00	 1.9904950e-05
 6.0000234e+00	 3.4723329e-05
 7.0002379e+00	 3.2323424e-05
 8.0000887e+00	 3.7125199e-05
 9.0000124e+00	 4.0474784e-05
 1.0000108e+01	 5.2472784e-05
 1.1000061e+01	 2.6677384e-05
 1.2000055e+01	 6.1489627e-05
 1.3000238e+01	 8.8120534e-05
 1.4000112e+01	 8.9013862e-05
 1.5000147e+01	 6.1676408e-05
 1.6000036e+01	 3.0118465e-05
 1.7000031e+01	 4.8391244e-05
 1.8000051e+01	 8.3271945e-05
 1.9000219e+01	 1.0052617e-04
 2.0000223e+01	 8.9150133e-05
 2.1000031e+01	 6.5763285e-05
 2.2000093e+01	 3.6486257e-05
 2.3000038e+01	 5.3264459e-05
 2.4000010e+01	 7.7979254e-05
 2.5000067e+01	 1.0097022e-04
 2.6000111e+01	 9.8529548e-05
 2.7000292e+01	 7.1849121e-05
 2.8000111e+01	 4.0238916e-05
 2.9000072e+01	 4.2734551e-05
 3.0000034e+01	 8.0722188e-05
 3.1000008e+01	 1.0257470e-04
 3.2000217e+01	 9.0137182e-05
 3.3000145e+01	 6.5158485e-05
 3.4000019e+01	 3.8168400e-05
 3.5000225e+01	 5.9713962e-05
 3.6000263e+01	 8.7493390e-05
 3.7000000e+01	 1.0541111e-04
 3.8000050e+01	 9.9648678e-05
 3.9000404e+01	 7.1852461e-05
 4.0000118e+01	 3.8599457e-05
 4.1000126e+01	 5.1335519e-05
 4.2000221e+01	 8.7792629e-05
 4.3000244e+01	 1.0604729e-04
 4.4000210e+01	 9.7524375e-05
 4.5000088e+01	 7.5415577e-05
 4.6000092e+01	 5.0030219e-05
 4.7000141e+01	 5.1666153e-05
 4.8000240e+01	 7.9174315e-05
 4.9000008e+01	 1.0452735e-04
 5.0000221e+01	 1.1013189e-04
 5.1000072e+01	 9.0755515e-05
 5.2000053e+01	 6.2371102e-05
 5.3000069e+01	 4.8259637e-05
 5.4000187e+01	 7.1207825e-05
 5.5000172e+01	 9.7470154e-05
 5.6000126e+01	 1.1252760e-04
 5.7000072e+01	 1.0767083e-04
 5.8000153e+01	 8.1789753e-05
 5.9000050e+01	 4.9621038e-05
 6.0000069e+01	 5.6934263e-05
 6.1000160e+01	 8.5994499e-05
 6.2000050e+01	 1.0734386e-04
 6.3000099e+01	 1.0577404e-04
 6.4000069e+01	 9.2552335e-05
 6.5000206e+01	 5.9158523e-05
 6.6000069e+01	 5.3851669e-05
 6.7000069e+01	 8.0154205e-05
 6.8000008e+01	 1.0625833e-04
 6.9000237e+01	 1.1618582e-04
 7.0000122e+01	 9.4809599e-05
 7.1000031e+01	 6.4477623e-05
 7.2000282e+01	 5.4445019e-05
 7.3000183e+01	 8.2476865e-05
 7.4000183e+01	 1.0248711e-04
 7.5000305e+01	 1.1440136e-04
 7.6000069e+01	 1.0475496e-04
 7.7000076e+01	 7.3928873e-05
 7.8000130e+01	 4.9592480e-05
 7.9000114e+01	 7.2307288e-05
 8.0000267e+01	 1.0489907e-04
 8.1000061e+01	 1.2154460e-04
 8.2000206e+01	 1.0236332e-04
 8.3000099e+01	 7.5763528e-05
 8.4000252e+01	 5.8349848e-05
 8.5000237e+01	 7.7209792e-05
 8.6000008e+01	 1.0364187e-04
 8.7000046e+01	 1.1600155e-04
 8.8000107e+01	 1.0862404e-04
 8.9000130e+01	 8.0662103e-05
 9.0000092e+01	 5.3668409e-05
 9.1000298e+01	 7.0697919e-05
 9.2000191e+01	 1.0460363e-04
 9.3000099e+01	 1.2432027e-04
 9.4000137e+01	 1.0737449e-04
 9.5000000e+01	 8.7131368e-05
 9.6000092e+01	 5.7137862e-05
 9.7000175e+01	 7.4495023e-05
 9.8000183e+01	 1.0240427e-04
 9.9000107e+01	 1.2039180e-04
 1.0000025e+02	 1.1985426e-04
 1.0100002e+02	 9.8049371e-05
 1.0200014e+02	 6.3249172e-05
 1.0300003e+02	 6.3051732e-05
 1.0400006e+02	 9.8320044e-05
 1.0500019e+02	 1.1585628e-04
 1.0600016e+02	 1.2217771e-04
 1.0700005e+02	 1.1203513e-04
 1.0800005e+02	 7.9002588e-05
 1.0900005e+02	 5.7880934e-05
 1.1000010e+02	 8.4359432e-05
 1.1100005e+02	 1.1029292e-04
 1.1200005e+02	 1.2956050e-04
 1.1300011e+02	 1.1252115e-04
 1.1400004e+02	 8.3099629e-05
 1.1500005e+02	 6.3265841e-05
 1.1600015e+02	 8.9835376e-05
 1.1700007e+02	 1.1541557e-04
 1.1800004e+02	 1.2488996e-04
 1.1900003e+02	 1.1631947e-04
 1.2000007e+02	 8.9604750e-05
 1.2100005e+02	 6.0039471e-05
 1.2200008e+02	 7.5541524e-05
 1.2300022e+02	 1.1126915e-04
 1.2400007e+02	 1.3427367e-04
 1.2500008e+02	 1.1818510e-04
 1.2600005e+02	 9.1790207e-05
 1.2700005e+02	 6.5651839e-05
 1.2800008e+02	 7.7814766e-05
 1.2900026e+02	 1.0490898e-04
 1.3000006e+02	 1.2629818e-04
 1.3100023e+02	 1.2865142e-04
 1.3200002e+02	 1.0332126e-04
 1.3300009e+02	 6.9251226e-05
 1.3400003e+02	 7.5631084e-05
 1.3500020e+02	 1.0531468e-04
 1.3600014e+02	 1.2867709e-04
 1.3700008e+02	 1.2749691e-04
 1.3800002e+02	 1.1022795e-04
 1.3900027e+02	 7.9472789e-05
 1.4000012e+02	 7.3734736e-05
 1.4100006e+02	 1.0379301e-04
 1.4200020e+02	 1.2807426e-04
 1.4300023e+02	 1.3425821e-04
 1.4400017e+02	 1.0697493e-04
 1.4500008e+02	 7.4585936e-05
 1.4600002e+02	 7.6570068e-05
 1.4700005e+02	 1.1104546e-04
 1.4800018e+02	 1.3203612e-04
 1.4900020e+02	 1.2517461e-04
 1.5000011e+02	 1.0744315e-04
 1.5100027e+02	 7.6566372e-05
 1.5200009e+02	 8.0634214e-05
 1.5300018e+02	 1.1094198e-04
 1.5400015e+02	 1.3358220e-04
 1.5500002e+02	 1.3624577e-04
 1.5600008e+02	 1.0818861e-04
 1.5700009e+02	 7.2989045e-05
 1.5800018e+02	 8.0348254e-05
 1.5900018e+02	 1.1646479e-04
 1.6000003e+02	 1.3818769e-04
 1.6100005e+02	 1.3261622e-04
 1.6200008e+02	 1.1167890e-04
 1.6300006e+02	 8.2695311e-05
 1.6400012e+02	 8.6484506e-05
 1.6410002e+02	 8.2049882e-03
 1.6420000e+02	 9.6323173e-03
 1.6430002e+02	 1.0175963e-02
 1.6440001e+02	 1.0582018e-02
 1.6450003e+02	 1.0187793e-02
 1.6460002e+02	 9.4888117e-03
 1.6470001e+02	 9.4611542e-03
 1.6480003e+02	 9.3616117e-03
 1.6490002e+02	 8.8577764e-03
 1.6500003e+02	 8.3574224e-03
 1.6510007e+02	 8.0427947e-03
 1.6520001e+02	 7.7869501e-03
 1.6530002e+02	 7.5366637e-03
 1.6540002e+02	 7.4519641e-03
 1.6550002e+02	 7.3954514e-03
 1.6560004e+02	 7.0703644e-03
 1.6570004e+02	 6.4174179e-03
 1.6580003e+02	 5.8502238e-03
 1.6590004e+02	 5.8023375e-03
 1.6600005e+02	 5.5418788e-03
 1.6610001e+02	 5.3581828e-03
 1.6620007e+02	 5.2039823e-03
 1.6630000e+02	 4.7963983e-03
 1.6640010e+02	 4.4931476e-03
 1.6650000e+02	 4.1518267e-03
 1.6660007e+02	 3.8777546e-03
 1.6670003e+02	 3.6290595e-03
 1.6680000e+02	 3.4499890e-03
 1.6690005e+02	 3.2314691e-03
 1.6700006e+02	 3.0005113e-03
 1.6710001e+02	 2.8724922e-03
 1.6720006e+02	 2.8065462e-03
 1.6730003e+02	 2.7311929e-03
 1.6740001e+02	 2.6718711e-03
 1.6750000e+02	 2.6087563e-03
 1.6760002e+02	 2.5464050e-03
 1.6770000e+02	 2.4838711e-03
 1.6780000e+02	 2.4220739e-03
 1.6790001e+02	 2.3514740e-03
 1.6800005e+02	 2.2842526e-03
 1.6810002e+02	 2.2277031e-03
 1.6820003e+02	 2.1728738e-03
 1.6830003e+02	 2.1174722e-03
 1.6840002e+02	 2.0653708e-03
 1.6850000e+02	 2.0190948e-03
 1.6860008e+02	 1.9699361e-03
 1.6870001e+02	 1.9215572e-03
 1.6880006e+02	 1.8703704e-03
 1.6890001e+02	 1.8328922e-03
 1.6900002e+02	 1.7983003e-03
 1.6910005e+02	 1.7671305e-03
 1.6920010e+02	 1.7370292e-03
 1.6930003e+02	 1.7039505e-03
 1.6940005e+02	 1.6673122e-03
 1.6950003e+02	 1.6290742e-03
 1.6960005e+02	 1.5905050e-03
 1.6970004e+02	 1.5571624e-03
 1.6980008e+02	 1.5364833e-03
 1.6990001e+02	 1.5172216e-03
