Time(s)	MASFPG(1,9)
 0.0000000e+00	 1.3115145e-03
 1.0005618e+00	 1.3234277e-03
 2.0000894e+00	 1.3529076e-03
 3.0001235e+00	 1.3823829e-03
 4.0000744e+00	 1.4227917e-03
 5.0000405e+00	 1.4393535e-03
 6.0000234e+00	 1.4471906e-03
 7.0002379e+00	 1.4508688e-03
 8.0000887e+00	 1.4563680e-03
 9.0000124e+00	 1.4592425e-03
 1.0000108e+01	 1.4595775e-03
 1.1000061e+01	 1.4599642e-03
 1.2000055e+01	 1.4618983e-03
 1.3000238e+01	 1.4631721e-03
 1.4000112e+01	 1.4639853e-03
 1.5000147e+01	 1.4650050e-03
 1.6000036e+01	 1.4658951e-03
 1.7000031e+01	 1.4669857e-03
 1.8000051e+01	 1.4678014e-03
 1.9000219e+01	 1.4685707e-03
 2.0000223e+01	 1.4692508e-03
 2.1000031e+01	 1.4698475e-03
 2.2000093e+01	 1.4703567e-03
 2.3000038e+01	 1.4709596e-03
 2.4000010e+01	 1.4716643e-03
 2.5000067e+01	 1.4719225e-03
 2.6000111e+01	 1.4721784e-03
 2.7000292e+01	 1.4726593e-03
 2.8000111e+01	 1.4731186e-03
 2.9000072e+01	 1.4736227e-03
 3.0000034e+01	 1.4739640e-03
 3.1000008e+01	 1.4746014e-03
 3.2000217e+01	 1.4747672e-03
 3.3000145e+01	 1.4751075e-03
 3.4000019e+01	 1.4755073e-03
 3.5000225e+01	 1.4759569e-03
 3.6000263e+01	 1.4762292e-03
 3.7000000e+01	 1.4763670e-03
 3.8000050e+01	 1.4767421e-03
 3.9000404e+01	 1.4771031e-03
 4.0000118e+01	 1.4776324e-03
 4.1000126e+01	 1.4780706e-03
 4.2000221e+01	 1.4784894e-03
 4.3000244e+01	 1.4787044e-03
 4.4000210e+01	 1.4788384e-03
 4.5000088e+01	 1.4791022e-03
 4.6000092e+01	 1.4792799e-03
 4.7000141e+01	 1.4796372e-03
 4.8000240e+01	 1.4799768e-03
 4.9000008e+01	 1.4802099e-03
 5.0000221e+01	 1.4804332e-03
 5.1000072e+01	 1.4806433e-03
 5.2000053e+01	 1.4809928e-03
 5.3000069e+01	 1.4812876e-03
 5.4000187e+01	 1.4816874e-03
 5.5000172e+01	 1.4818902e-03
 5.6000126e+01	 1.4821042e-03
 5.7000072e+01	 1.4822839e-03
 5.8000153e+01	 1.4825172e-03
 5.9000050e+01	 1.4828565e-03
 6.0000069e+01	 1.4830378e-03
 6.1000160e+01	 1.4833101e-03
 6.2000050e+01	 1.4835267e-03
 6.3000099e+01	 1.4836737e-03
 6.4000069e+01	 1.4839824e-03
 6.5000206e+01	 1.4841505e-03
 6.6000069e+01	 1.4844381e-03
 6.7000069e+01	 1.4846586e-03
 6.8000008e+01	 1.4848543e-03
 6.9000237e+01	 1.4850851e-03
 7.0000122e+01	 1.4852404e-03
 7.1000031e+01	 1.4855550e-03
 7.2000282e+01	 1.4857654e-03
 7.3000183e+01	 1.4860043e-03
 7.4000183e+01	 1.4862110e-03
 7.5000305e+01	 1.4863588e-03
 7.6000069e+01	 1.4865613e-03
 7.7000076e+01	 1.4867191e-03
 7.8000130e+01	 1.4869707e-03
 7.9000114e+01	 1.4871743e-03
 8.0000267e+01	 1.4873475e-03
 8.1000061e+01	 1.4874949e-03
 8.2000206e+01	 1.4876114e-03
 8.3000099e+01	 1.4878709e-03
 8.4000252e+01	 1.4880379e-03
 8.5000237e+01	 1.4882633e-03
 8.6000008e+01	 1.4884004e-03
 8.7000046e+01	 1.4885328e-03
 8.8000107e+01	 1.4887041e-03
 8.9000130e+01	 1.4888607e-03
 9.0000092e+01	 1.4891156e-03
 9.1000298e+01	 1.4892488e-03
 9.2000191e+01	 1.4894909e-03
 9.3000099e+01	 1.4896870e-03
 9.4000137e+01	 1.4897803e-03
 9.5000000e+01	 1.4900066e-03
 9.6000092e+01	 1.4901239e-03
 9.7000175e+01	 1.4903016e-03
 9.8000183e+01	 1.4904098e-03
 9.9000107e+01	 1.4905160e-03
 1.0000025e+02	 1.4906402e-03
 1.0100002e+02	 1.4907259e-03
 1.0200014e+02	 1.4908551e-03
 1.0300003e+02	 1.4909494e-03
 1.0400006e+02	 1.4910575e-03
 1.0500019e+02	 1.4911195e-03
 1.0600016e+02	 1.4911939e-03
 1.0700005e+02	 1.4913013e-03
 1.0800005e+02	 1.4913756e-03
 1.0900005e+02	 1.4914785e-03
 1.1000010e+02	 1.4915643e-03
 1.1100005e+02	 1.4916479e-03
 1.1200005e+02	 1.4917098e-03
 1.1300011e+02	 1.4917543e-03
 1.1400004e+02	 1.4918667e-03
 1.1500005e+02	 1.4919412e-03
 1.1600015e+02	 1.4920515e-03
 1.1700007e+02	 1.4921116e-03
 1.1800004e+02	 1.4921888e-03
 1.1900003e+02	 1.4922554e-03
 1.2000007e+02	 1.4923093e-03
 1.2100005e+02	 1.4924109e-03
 1.2200008e+02	 1.4924728e-03
 1.2300022e+02	 1.4925798e-03
 1.2400007e+02	 1.4926218e-03
 1.2500008e+02	 1.4926990e-03
 1.2600005e+02	 1.4928135e-03
 1.2700005e+02	 1.4928475e-03
 1.2800008e+02	 1.4929542e-03
 1.2900026e+02	 1.4930145e-03
 1.3000006e+02	 1.4930883e-03
 1.3100023e+02	 1.4931585e-03
 1.3200002e+02	 1.4932487e-03
 1.3300009e+02	 1.4933459e-03
 1.3400003e+02	 1.4934039e-03
 1.3500020e+02	 1.4934889e-03
 1.3600014e+02	 1.4935255e-03
 1.3700008e+02	 1.4935854e-03
 1.3800002e+02	 1.4936733e-03
 1.3900027e+02	 1.4928340e-03
 1.4000012e+02	 1.4922459e-03
 1.4100006e+02	 1.4919013e-03
 1.4200020e+02	 1.4916584e-03
 1.4300023e+02	 1.4914820e-03
 1.4400017e+02	 1.4913544e-03
 1.4500008e+02	 1.4912533e-03
 1.4600002e+02	 1.4911711e-03
 1.4700005e+02	 1.4911209e-03
 1.4800018e+02	 1.4910602e-03
 1.4900020e+02	 1.4910320e-03
 1.5000011e+02	 1.4910005e-03
 1.5100027e+02	 1.4910031e-03
 1.5200009e+02	 1.4910125e-03
 1.5300018e+02	 1.4910101e-03
 1.5400015e+02	 1.4910407e-03
 1.5500002e+02	 1.4894739e-03
 1.5600008e+02	 1.4882181e-03
 1.5700009e+02	 1.4872414e-03
 1.5800018e+02	 1.4865680e-03
 1.5900018e+02	 1.4860665e-03
 1.6000003e+02	 1.4857022e-03
 1.6100005e+02	 1.4854480e-03
 1.6200008e+02	 1.4852389e-03
 1.6300006e+02	 1.4851214e-03
 1.6400012e+02	 1.4845532e-03
 1.6410002e+02	 1.8048864e-03
 1.6420000e+02	 1.9845713e-03
 1.6430002e+02	 1.9125976e-03
 1.6440001e+02	 1.8289908e-03
 1.6450003e+02	 2.0455669e-03
 1.6460002e+02	 2.2667723e-03
 1.6470001e+02	 1.9956799e-03
 1.6480003e+02	 1.9963945e-03
 1.6490002e+02	 2.1997965e-03
 1.6500003e+02	 2.1547498e-03
 1.6510007e+02	 2.0934907e-03
 1.6520001e+02	 2.2018522e-03
 1.6530002e+02	 2.2741440e-03
 1.6540002e+02	 2.2732434e-03
 1.6550002e+02	 2.4364183e-03
 1.6560004e+02	 2.5146168e-03
 1.6570004e+02	 2.5614402e-03
 1.6580003e+02	 2.6851604e-03
 1.6590004e+02	 2.6491545e-03
 1.6600005e+02	 2.7330159e-03
 1.6610001e+02	 2.7248240e-03
 1.6620007e+02	 2.7957885e-03
 1.6630000e+02	 2.8246066e-03
 1.6640010e+02	 2.8881561e-03
 1.6650000e+02	 2.9233645e-03
 1.6660007e+02	 2.9965672e-03
 1.6670003e+02	 3.0764418e-03
 1.6680000e+02	 3.1742458e-03
 1.6690005e+02	 3.3041600e-03
 1.6700006e+02	 3.4253232e-03
 1.6710001e+02	 3.4643933e-03
 1.6720006e+02	 3.4697894e-03
 1.6730003e+02	 3.4719901e-03
 1.6740001e+02	 3.4738816e-03
 1.6750000e+02	 3.4781191e-03
 1.6760002e+02	 3.4817078e-03
 1.6770000e+02	 3.4866075e-03
 1.6780000e+02	 3.4868072e-03
 1.6790001e+02	 3.4888647e-03
 1.6800005e+02	 3.4955766e-03
 1.6810002e+02	 3.5006378e-03
 1.6820003e+02	 3.5016809e-03
 1.6830003e+02	 3.5068344e-03
 1.6840002e+02	 3.5133651e-03
 1.6850000e+02	 3.5206974e-03
 1.6860008e+02	 3.5244627e-03
 1.6870001e+02	 3.5276464e-03
 1.6880006e+02	 3.5301154e-03
 1.6890001e+02	 3.5319505e-03
 1.6900002e+02	 3.5338986e-03
 1.6910005e+02	 3.5358262e-03
 1.6920010e+02	 3.5367184e-03
 1.6930003e+02	 3.5372153e-03
 1.6940005e+02	 3.5377049e-03
 1.6950003e+02	 3.5397690e-03
 1.6960005e+02	 3.5438740e-03
 1.6970004e+02	 3.5467558e-03
 1.6980008e+02	 3.5469055e-03
 1.6990001e+02	 3.5450158e-03
