Time(s)	MASN(1,10)
 0.0000000e+00	 1.0733231e-24
 1.0005618e+00	 3.8002512e-09
 2.0000894e+00	 4.1592956e-09
 3.0001235e+00	 4.1140100e-09
 4.0000744e+00	 4.1791850e-09
 5.0000405e+00	 4.2793089e-09
 6.0000234e+00	 4.4000159e-09
 7.0002379e+00	 4.5137094e-09
 8.0000887e+00	 4.6202406e-09
 9.0000124e+00	 4.7216959e-09
 1.0000108e+01	 4.8221418e-09
 1.1000061e+01	 4.9226396e-09
 1.2000055e+01	 5.0225308e-09
 1.3000238e+01	 5.1208993e-09
 1.4000112e+01	 5.2170157e-09
 1.5000147e+01	 5.3104956e-09
 1.6000036e+01	 5.4009948e-09
 1.7000031e+01	 5.4883889e-09
 1.8000051e+01	 5.5726619e-09
 1.9000219e+01	 5.6538778e-09
 2.0000223e+01	 5.7321197e-09
 2.1000031e+01	 5.8075118e-09
 2.2000093e+01	 5.8801350e-09
 2.3000038e+01	 5.9489809e-09
 2.4000010e+01	 6.0114664e-09
 2.5000067e+01	 6.0708474e-09
 2.6000111e+01	 6.1282193e-09
 2.7000292e+01	 6.1842220e-09
 2.8000111e+01	 6.2396039e-09
 2.9000072e+01	 6.2953123e-09
 3.0000034e+01	 6.3521899e-09
 3.1000008e+01	 6.4109282e-09
 3.2000217e+01	 6.4719892e-09
 3.3000145e+01	 6.5367010e-09
 3.4000019e+01	 6.6084023e-09
 3.5000225e+01	 6.6887234e-09
 3.6000263e+01	 6.7791985e-09
 3.7000000e+01	 6.8811992e-09
 3.8000050e+01	 6.9959771e-09
 3.9000404e+01	 7.1262467e-09
 4.0000118e+01	 7.2741333e-09
 4.1000126e+01	 7.4359816e-09
 4.2000221e+01	 7.6129103e-09
 4.3000244e+01	 7.8022593e-09
 4.4000210e+01	 8.0024067e-09
 4.5000088e+01	 8.2121145e-09
 4.6000092e+01	 8.4303036e-09
 4.7000141e+01	 8.6559169e-09
 4.8000240e+01	 8.8879109e-09
 4.9000008e+01	 9.1250207e-09
 5.0000221e+01	 9.3665324e-09
 5.1000072e+01	 9.6143227e-09
 5.2000053e+01	 9.8703135e-09
 5.3000069e+01	 1.0128519e-08
 5.4000187e+01	 1.0388394e-08
 5.5000172e+01	 1.0649345e-08
 5.6000126e+01	 1.0910912e-08
 5.7000072e+01	 1.1172684e-08
 5.8000153e+01	 1.1435310e-08
 5.9000050e+01	 1.1698818e-08
 6.0000069e+01	 1.1962935e-08
 6.1000160e+01	 1.2227266e-08
 6.2000050e+01	 1.2491423e-08
 6.3000099e+01	 1.2755220e-08
 6.4000069e+01	 1.3018330e-08
 6.5000206e+01	 1.3280605e-08
 6.6000069e+01	 1.3541704e-08
 6.7000069e+01	 1.3801572e-08
 6.8000008e+01	 1.4060006e-08
 6.9000237e+01	 1.4316968e-08
 7.0000122e+01	 1.4572222e-08
 7.1000031e+01	 1.4825768e-08
 7.2000282e+01	 1.5077672e-08
 7.3000183e+01	 1.5327739e-08
 7.4000183e+01	 1.5576104e-08
 7.5000305e+01	 1.5822801e-08
 7.6000069e+01	 1.6067728e-08
 7.7000076e+01	 1.6311080e-08
 7.8000130e+01	 1.6552702e-08
 7.9000114e+01	 1.6791683e-08
 8.0000267e+01	 1.7027881e-08
 8.1000061e+01	 1.7261131e-08
 8.2000206e+01	 1.7491592e-08
 8.3000099e+01	 1.7719081e-08
 8.4000252e+01	 1.7943707e-08
 8.5000237e+01	 1.8165329e-08
 8.6000008e+01	 1.8383876e-08
 8.7000046e+01	 1.8599424e-08
 8.8000107e+01	 1.8811837e-08
 8.9000130e+01	 1.9021090e-08
 9.0000092e+01	 1.9227150e-08
 9.1000298e+01	 1.9430107e-08
 9.2000191e+01	 1.9629841e-08
 9.3000099e+01	 1.9826469e-08
 9.4000137e+01	 2.0020085e-08
 9.5000000e+01	 2.0210717e-08
 9.6000092e+01	 2.0398394e-08
 9.7000175e+01	 2.0583059e-08
 9.8000183e+01	 2.0764706e-08
 9.9000107e+01	 2.0943357e-08
 1.0000025e+02	 2.1119053e-08
 1.0100002e+02	 2.1263105e-08
 1.0200014e+02	 2.1404004e-08
 1.0300003e+02	 2.1542697e-08
 1.0400006e+02	 2.1679311e-08
 1.0500019e+02	 2.1812921e-08
 1.0600016e+02	 2.1942913e-08
 1.0700005e+02	 2.2070399e-08
 1.0800005e+02	 2.2196648e-08
 1.0900005e+02	 2.2321705e-08
 1.1000010e+02	 2.2445631e-08
 1.1100005e+02	 2.2568438e-08
 1.1200005e+02	 2.2690168e-08
 1.1300011e+02	 2.2810891e-08
 1.1400004e+02	 2.2930630e-08
 1.1500005e+02	 2.3049505e-08
 1.1600015e+02	 2.3167580e-08
 1.1700007e+02	 2.3284951e-08
 1.1800004e+02	 2.3401757e-08
 1.1900003e+02	 2.3518076e-08
 1.2000007e+02	 2.3634012e-08
 1.2100005e+02	 2.3749635e-08
 1.2200008e+02	 2.3865045e-08
 1.2300022e+02	 2.3980336e-08
 1.2400007e+02	 2.4095556e-08
 1.2500008e+02	 2.4210841e-08
 1.2600005e+02	 2.4326265e-08
 1.2700005e+02	 2.4441910e-08
 1.2800008e+02	 2.4557849e-08
 1.2900026e+02	 2.4674163e-08
 1.3000006e+02	 2.4790873e-08
 1.3100023e+02	 2.4908086e-08
 1.3200002e+02	 2.5025779e-08
 1.3300009e+02	 2.5144100e-08
 1.3400003e+02	 2.5262963e-08
 1.3500020e+02	 2.5382480e-08
 1.3600014e+02	 2.5503370e-08
 1.3700008e+02	 2.5625122e-08
 1.3800002e+02	 2.5747562e-08
 1.3900027e+02	 2.5870712e-08
 1.4000012e+02	 2.5994414e-08
 1.4100006e+02	 2.6118677e-08
 1.4200020e+02	 2.6243491e-08
 1.4300023e+02	 2.6368507e-08
 1.4400017e+02	 2.6493337e-08
 1.4500008e+02	 2.6617977e-08
 1.4600002e+02	 2.6742452e-08
 1.4700005e+02	 2.6866919e-08
 1.4800018e+02	 2.6991639e-08
 1.4900020e+02	 2.7116661e-08
 1.5000011e+02	 2.7241963e-08
 1.5100027e+02	 2.7367550e-08
 1.5200009e+02	 2.7493302e-08
 1.5300018e+02	 2.7619262e-08
 1.5400015e+02	 2.7745337e-08
 1.5500002e+02	 2.7871501e-08
 1.5600008e+02	 2.7997761e-08
 1.5700009e+02	 2.8124052e-08
 1.5800018e+02	 2.8250358e-08
 1.5900018e+02	 2.8376634e-08
 1.6000003e+02	 2.8502829e-08
 1.6100005e+02	 2.8628943e-08
 1.6200008e+02	 2.8754991e-08
 1.6300006e+02	 2.8880924e-08
 1.6400012e+02	 2.9006754e-08
 1.6410002e+02	 2.9075455e-08
 1.6420000e+02	 2.9158569e-08
 1.6430002e+02	 2.9242212e-08
 1.6440001e+02	 2.9325610e-08
 1.6450003e+02	 2.9408795e-08
 1.6460002e+02	 2.9491607e-08
 1.6470001e+02	 2.9574254e-08
 1.6480003e+02	 2.9656816e-08
 1.6490002e+02	 2.9739322e-08
 1.6500003e+02	 2.9821773e-08
 1.6510007e+02	 2.9904214e-08
 1.6520001e+02	 2.9986513e-08
 1.6530002e+02	 3.0068829e-08
 1.6540002e+02	 3.0151103e-08
 1.6550002e+02	 3.0233306e-08
 1.6560004e+02	 3.0315491e-08
 1.6570004e+02	 3.0397587e-08
 1.6580003e+02	 3.0479637e-08
 1.6590004e+02	 3.0561640e-08
 1.6600005e+02	 3.0643605e-08
 1.6610001e+02	 3.0725474e-08
 1.6620007e+02	 3.0807357e-08
 1.6630000e+02	 3.0889108e-08
 1.6640010e+02	 3.0970924e-08
 1.6650000e+02	 3.1052544e-08
 1.6660007e+02	 3.1134224e-08
 1.6670003e+02	 3.1215794e-08
 1.6680000e+02	 3.1297319e-08
 1.6690005e+02	 3.1378836e-08
 1.6700006e+02	 3.1460278e-08
 1.6710001e+02	 3.1541614e-08
 1.6720006e+02	 3.1622989e-08
 1.6730003e+02	 3.1704310e-08
 1.6740001e+02	 3.1785621e-08
 1.6750000e+02	 3.1866950e-08
 1.6760002e+02	 3.1948289e-08
 1.6770000e+02	 3.2029568e-08
 1.6780000e+02	 3.2110862e-08
 1.6790001e+02	 3.2192165e-08
 1.6800005e+02	 3.2273483e-08
 1.6810002e+02	 3.2354730e-08
 1.6820003e+02	 3.2435999e-08
 1.6830003e+02	 3.2517271e-08
 1.6840002e+02	 3.2598518e-08
 1.6850000e+02	 3.2679750e-08
 1.6860008e+02	 3.2761044e-08
 1.6870001e+02	 3.2842213e-08
 1.6880006e+02	 3.2923463e-08
 1.6890001e+02	 3.3004611e-08
 1.6900002e+02	 3.3085819e-08
 1.6910005e+02	 3.3167037e-08
 1.6920010e+02	 3.3248259e-08
 1.6930003e+02	 3.3329371e-08
 1.6940005e+02	 3.3410533e-08
 1.6950003e+02	 3.3491656e-08
 1.6960005e+02	 3.3572817e-08
 1.6970004e+02	 3.3653944e-08
 1.6980008e+02	 3.3735095e-08
 1.6990001e+02	 3.3816129e-08
