Time(s)	TMPF(1,4)
 0.0000000e+00	 3.0279160e-05
 1.0005618e+00	 6.0245032e+02
 2.0000894e+00	 6.0269647e+02
 3.0001235e+00	 6.0236987e+02
 4.0000744e+00	 6.0262201e+02
 5.0000405e+00	 6.0267590e+02
 6.0000234e+00	 6.0268634e+02
 7.0002379e+00	 6.0275641e+02
 8.0000887e+00	 6.0273126e+02
 9.0000124e+00	 6.0268994e+02
 1.0000108e+01	 6.0233453e+02
 1.1000061e+01	 6.0232129e+02
 1.2000055e+01	 6.0236017e+02
 1.3000238e+01	 6.0248065e+02
 1.4000112e+01	 6.0240198e+02
 1.5000147e+01	 6.0246704e+02
 1.6000036e+01	 6.0244464e+02
 1.7000031e+01	 6.0242456e+02
 1.8000051e+01	 6.0246710e+02
 1.9000219e+01	 6.0244635e+02
 2.0000223e+01	 6.0247119e+02
 2.1000031e+01	 6.0245679e+02
 2.2000093e+01	 6.0246796e+02
 2.3000038e+01	 6.0247363e+02
 2.4000010e+01	 6.0246857e+02
 2.5000067e+01	 6.0248260e+02
 2.6000111e+01	 6.0248340e+02
 2.7000292e+01	 6.0249292e+02
 2.8000111e+01	 6.0248822e+02
 2.9000072e+01	 6.0249426e+02
 3.0000034e+01	 6.0250336e+02
 3.1000008e+01	 6.0250427e+02
 3.2000217e+01	 6.0251227e+02
 3.3000145e+01	 6.0250854e+02
 3.4000019e+01	 6.0252087e+02
 3.5000225e+01	 6.0251807e+02
 3.6000263e+01	 6.0252460e+02
 3.7000000e+01	 6.0252954e+02
 3.8000050e+01	 6.0253387e+02
 3.9000404e+01	 6.0254041e+02
 4.0000118e+01	 6.0253186e+02
 4.1000126e+01	 6.0254053e+02
 4.2000221e+01	 6.0254889e+02
 4.3000244e+01	 6.0255212e+02
 4.4000210e+01	 6.0255676e+02
 4.5000088e+01	 6.0255817e+02
 4.6000092e+01	 6.0256586e+02
 4.7000141e+01	 6.0256317e+02
 4.8000240e+01	 6.0256982e+02
 4.9000008e+01	 6.0257428e+02
 5.0000221e+01	 6.0257959e+02
 5.1000072e+01	 6.0258313e+02
 5.2000053e+01	 6.0258331e+02
 5.3000069e+01	 6.0259222e+02
 5.4000187e+01	 6.0259344e+02
 5.5000172e+01	 6.0260004e+02
 5.6000126e+01	 6.0260278e+02
 5.7000072e+01	 6.0260809e+02
 5.8000153e+01	 6.0261194e+02
 5.9000050e+01	 6.0260974e+02
 6.0000069e+01	 6.0262067e+02
 6.1000160e+01	 6.0262109e+02
 6.2000050e+01	 6.0262543e+02
 6.3000099e+01	 6.0262830e+02
 6.4000069e+01	 6.0263171e+02
 6.5000206e+01	 6.0263660e+02
 6.6000069e+01	 6.0263477e+02
 6.7000069e+01	 6.0264014e+02
 6.8000008e+01	 6.0264294e+02
 6.9000237e+01	 6.0264783e+02
 7.0000122e+01	 6.0264966e+02
 7.1000031e+01	 6.0264905e+02
 7.2000282e+01	 6.0265594e+02
 7.3000183e+01	 6.0265472e+02
 7.4000183e+01	 6.0265900e+02
 7.5000305e+01	 6.0266223e+02
 7.6000069e+01	 6.0266461e+02
 7.7000076e+01	 6.0266809e+02
 7.8000130e+01	 6.0266577e+02
 7.9000114e+01	 6.0267078e+02
 8.0000267e+01	 6.0267352e+02
 8.1000061e+01	 6.0267737e+02
 8.2000206e+01	 6.0267932e+02
 8.3000099e+01	 6.0267896e+02
 8.4000252e+01	 6.0268604e+02
 8.5000237e+01	 6.0268372e+02
 8.6000008e+01	 6.0268842e+02
 8.7000046e+01	 6.0268994e+02
 8.8000107e+01	 6.0256915e+02
 8.9000130e+01	 6.0261621e+02
 9.0000092e+01	 6.0261176e+02
 9.1000298e+01	 6.0260846e+02
 9.2000191e+01	 6.0262463e+02
 9.3000099e+01	 6.0261963e+02
 9.4000137e+01	 6.0263043e+02
 9.5000000e+01	 6.0262634e+02
 9.6000092e+01	 6.0263751e+02
 9.7000175e+01	 6.0263715e+02
 9.8000183e+01	 6.0263947e+02
 9.9000107e+01	 6.0264435e+02
 1.0000025e+02	 6.0264758e+02
 1.0100002e+02	 6.0265320e+02
 1.0200014e+02	 6.0265088e+02
 1.0300003e+02	 6.0265906e+02
 1.0400006e+02	 6.0266089e+02
 1.0500019e+02	 6.0266351e+02
 1.0600016e+02	 6.0266736e+02
 1.0700005e+02	 6.0267047e+02
 1.0800005e+02	 6.0267542e+02
 1.0900005e+02	 6.0267621e+02
 1.1000010e+02	 6.0267999e+02
 1.1100005e+02	 6.0268372e+02
 1.1200005e+02	 6.0268683e+02
 1.1300011e+02	 6.0269049e+02
 1.1400004e+02	 6.0269128e+02
 1.1500005e+02	 6.0269879e+02
 1.1600015e+02	 6.0269824e+02
 1.1700007e+02	 6.0270081e+02
 1.1800004e+02	 6.0270337e+02
 1.1900003e+02	 6.0270630e+02
 1.2000007e+02	 6.0270941e+02
 1.2100005e+02	 6.0271033e+02
 1.2200008e+02	 6.0271332e+02
 1.2300022e+02	 6.0271582e+02
 1.2400007e+02	 6.0271887e+02
 1.2500008e+02	 6.0272131e+02
 1.2600005e+02	 6.0272217e+02
 1.2700005e+02	 6.0272729e+02
 1.2800008e+02	 6.0272516e+02
 1.2900026e+02	 6.0272980e+02
 1.3000006e+02	 6.0273212e+02
 1.3100023e+02	 6.0273474e+02
 1.3200002e+02	 6.0273730e+02
 1.3300009e+02	 6.0273804e+02
 1.3400003e+02	 6.0274084e+02
 1.3500020e+02	 6.0274237e+02
 1.3600014e+02	 6.0273840e+02
 1.3700008e+02	 6.0273370e+02
 1.3800002e+02	 6.0274011e+02
 1.3900027e+02	 5.9630060e+02
 1.4000012e+02	 5.9693158e+02
 1.4100006e+02	 5.9831958e+02
 1.4200020e+02	 5.9731683e+02
 1.4300023e+02	 5.9803131e+02
 1.4400017e+02	 5.9763715e+02
 1.4500008e+02	 5.9791357e+02
 1.4600002e+02	 5.9798761e+02
 1.4700005e+02	 5.9793396e+02
 1.4800018e+02	 5.9809045e+02
 1.4900020e+02	 5.9810498e+02
 1.5000011e+02	 5.9819330e+02
 1.5100027e+02	 5.9828302e+02
 1.5200009e+02	 5.9831415e+02
 1.5300018e+02	 5.9834491e+02
 1.5400015e+02	 5.9842523e+02
 1.5500002e+02	 5.9039307e+02
 1.5600008e+02	 5.8694489e+02
 1.5700009e+02	 5.8845441e+02
 1.5800018e+02	 5.8896539e+02
 1.5900018e+02	 5.8829620e+02
 1.6000003e+02	 5.8912842e+02
 1.6100005e+02	 5.8893146e+02
 1.6200008e+02	 5.8940936e+02
 1.6300006e+02	 5.8960217e+02
 1.6400012e+02	 5.8350916e+02
 1.6410002e+02	 5.9597870e+02
 1.6420000e+02	 5.9692010e+02
 1.6430002e+02	 5.9721558e+02
 1.6440001e+02	 5.9714001e+02
 1.6450003e+02	 5.9710925e+02
 1.6460002e+02	 5.9706207e+02
 1.6470001e+02	 5.9705170e+02
 1.6480003e+02	 5.9706335e+02
 1.6490002e+02	 5.9707141e+02
 1.6500003e+02	 5.9706256e+02
 1.6510007e+02	 5.9701019e+02
 1.6520001e+02	 5.9694818e+02
 1.6530002e+02	 5.9690399e+02
 1.6540002e+02	 5.9682074e+02
 1.6550002e+02	 5.9678088e+02
 1.6560004e+02	 5.9671759e+02
 1.6570004e+02	 5.9668005e+02
 1.6580003e+02	 5.9666516e+02
 1.6590004e+02	 5.9664819e+02
 1.6600005e+02	 5.9667426e+02
 1.6610001e+02	 5.9666278e+02
 1.6620007e+02	 5.9663318e+02
 1.6630000e+02	 5.9662054e+02
 1.6640010e+02	 5.9662537e+02
 1.6650000e+02	 5.9661401e+02
 1.6660007e+02	 5.9657379e+02
 1.6670003e+02	 5.9655334e+02
 1.6680000e+02	 5.9654871e+02
 1.6690005e+02	 5.9654486e+02
 1.6700006e+02	 5.9650000e+02
 1.6710001e+02	 5.9650653e+02
 1.6720006e+02	 5.9652539e+02
 1.6730003e+02	 5.9654541e+02
 1.6740001e+02	 5.9656262e+02
 1.6750000e+02	 5.9660925e+02
 1.6760002e+02	 5.9659619e+02
 1.6770000e+02	 5.9662433e+02
 1.6780000e+02	 5.9671405e+02
 1.6790001e+02	 5.9680426e+02
 1.6800005e+02	 5.9687274e+02
 1.6810002e+02	 5.9695325e+02
 1.6820003e+02	 5.9700037e+02
 1.6830003e+02	 5.9697333e+02
 1.6840002e+02	 5.9700604e+02
 1.6850000e+02	 5.9705768e+02
 1.6860008e+02	 5.9707642e+02
 1.6870001e+02	 5.9703235e+02
 1.6880006e+02	 5.9703607e+02
 1.6890001e+02	 5.9705048e+02
 1.6900002e+02	 5.9706049e+02
 1.6910005e+02	 5.9707617e+02
 1.6920010e+02	 5.9709235e+02
 1.6930003e+02	 5.9709540e+02
 1.6940005e+02	 5.9709241e+02
 1.6950003e+02	 5.9710345e+02
 1.6960005e+02	 5.9712231e+02
 1.6970004e+02	 5.9714203e+02
 1.6980008e+02	 5.9716138e+02
 1.6990001e+02	 5.9717615e+02
